"Time","dt_sound_level_dB"
2022-08-01 00:03:00,51
2022-08-01 00:04:00,50
2022-08-01 00:05:00,49
2022-08-01 00:06:00,51
2022-08-01 00:07:00,48
2022-08-01 00:08:00,50
2022-08-01 00:09:00,52
2022-08-01 00:10:00,51
2022-08-01 00:11:00,51
2022-08-01 00:12:00,50
2022-08-01 00:13:00,52
2022-08-01 00:14:00,50
2022-08-01 00:15:00,53
2022-08-01 00:16:00,53
2022-08-01 00:17:00,50
2022-08-01 00:19:00,50
2022-08-01 00:20:00,53
2022-08-01 00:21:00,52
2022-08-01 00:22:00,50
2022-08-01 00:23:00,50
2022-08-01 00:24:00,52
2022-08-01 00:25:00,49
2022-08-01 00:26:00,50
2022-08-01 00:27:00,51
2022-08-01 00:28:00,50
2022-08-01 00:29:00,52
2022-08-01 00:30:00,49
2022-08-01 00:31:00,53
2022-08-01 00:32:00,54
2022-08-01 00:43:00,57
2022-08-01 00:44:00,49
2022-08-01 00:45:00,51
2022-08-01 00:46:00,54
2022-08-01 00:47:00,51
2022-08-01 00:48:00,49
2022-08-01 00:49:00,51
2022-08-01 00:50:00,49
2022-08-01 00:51:00,52
2022-08-01 00:52:00,52
2022-08-01 00:53:00,51
2022-08-01 00:54:00,56
2022-08-01 00:55:00,51
2022-08-01 00:56:00,52
2022-08-01 00:57:00,51
2022-08-01 00:58:00,51
2022-08-01 00:59:00,52
2022-08-01 01:00:00,52
2022-08-01 01:01:00,52
2022-08-01 01:02:00,49
2022-08-01 01:33:00,52
2022-08-01 01:34:00,51
2022-08-01 01:35:00,49
2022-08-01 01:36:00,52
2022-08-01 01:37:00,50
2022-08-01 01:38:00,54
2022-08-01 01:39:00,50
2022-08-01 01:40:00,50
2022-08-01 01:41:00,54
2022-08-01 01:42:00,53
2022-08-01 01:58:00,49
2022-08-01 01:58:00,50
2022-08-01 01:59:00,49
2022-08-01 02:00:00,49
2022-08-01 02:01:00,49
2022-08-01 02:02:00,48
2022-08-01 02:03:00,48
2022-08-01 02:04:00,49
2022-08-01 02:05:00,49
2022-08-01 02:06:00,49
2022-08-01 02:07:00,52
2022-08-01 02:18:00,53
2022-08-01 02:19:00,51
2022-08-01 02:20:00,50
2022-08-01 02:21:00,49
2022-08-01 02:22:00,49
2022-08-01 02:23:00,51
2022-08-01 02:24:00,49
2022-08-01 02:25:00,49
2022-08-01 02:26:00,54
2022-08-01 02:27:00,49
2022-08-01 03:38:00,49
2022-08-01 03:39:00,48
2022-08-01 03:40:00,49
2022-08-01 03:41:00,50
2022-08-01 03:42:00,48
2022-08-01 03:43:00,50
2022-08-01 03:44:00,49
2022-08-01 03:45:00,57
2022-08-01 03:46:00,50
2022-08-01 03:58:00,54
2022-08-01 03:59:00,51
2022-08-01 04:00:00,50
2022-08-01 04:01:00,51
2022-08-01 04:02:00,52
2022-08-01 04:03:00,50
2022-08-01 04:04:00,50
2022-08-01 04:05:00,51
2022-08-01 04:06:00,50
2022-08-01 04:07:00,54
2022-08-01 04:08:00,51
2022-08-01 04:09:00,52
2022-08-01 04:10:00,50
2022-08-01 04:11:00,48
2022-08-01 04:12:00,49
2022-08-01 04:13:00,50
2022-08-01 04:14:00,49
2022-08-01 04:15:00,50
2022-08-01 04:16:00,51
2022-08-01 04:17:00,50
2022-08-01 04:18:00,53
2022-08-01 04:19:00,53
2022-08-01 04:20:00,53
2022-08-01 04:21:00,49
2022-08-01 04:22:00,51
2022-08-01 04:23:00,49
2022-08-01 04:24:00,52
2022-08-01 04:25:00,52
2022-08-01 04:26:00,51
2022-08-01 04:27:00,49
2022-08-01 04:38:00,54
2022-08-01 04:39:00,51
2022-08-01 04:40:00,54
2022-08-01 04:41:00,49
2022-08-01 04:42:00,51
2022-08-01 04:43:00,52
2022-08-01 04:44:00,52
2022-08-01 04:45:00,52
2022-08-01 04:46:00,49
2022-08-01 04:58:00,52
2022-08-01 04:59:00,49
2022-08-01 05:00:00,50
2022-08-01 05:01:00,49
2022-08-01 05:02:00,53
2022-08-01 05:03:00,51
2022-08-01 05:04:00,51
2022-08-01 05:05:00,51
2022-08-01 05:06:00,55
2022-08-01 05:07:00,56
2022-08-01 07:08:00,58
2022-08-01 07:09:00,58
2022-08-01 07:10:00,56
2022-08-01 07:11:00,51
2022-08-01 07:12:00,52
2022-08-01 07:13:00,55
2022-08-01 07:14:00,52
2022-08-01 07:15:00,53
2022-08-01 07:16:00,55
2022-08-01 07:17:00,58
2022-08-01 07:28:00,57
2022-08-01 07:29:00,59
2022-08-01 07:30:00,61
2022-08-01 07:31:00,58
2022-08-01 07:32:00,56
2022-08-01 07:33:00,57
2022-08-01 07:34:00,54
2022-08-01 07:35:00,63
2022-08-01 07:36:00,59
2022-08-01 07:37:00,56
2022-08-01 07:38:00,56
2022-08-01 07:39:00,58
2022-08-01 07:40:00,56
2022-08-01 07:41:00,56
2022-08-01 07:42:00,57
2022-08-01 07:43:00,57
2022-08-01 07:44:00,55
2022-08-01 07:45:00,53
2022-08-01 07:46:00,57
2022-08-01 08:18:00,55
2022-08-01 08:19:00,55
2022-08-01 08:20:00,54
2022-08-01 08:21:00,58
2022-08-01 08:22:00,61
2022-08-01 08:23:00,61
2022-08-01 08:24:00,55
2022-08-01 08:25:00,56
2022-08-01 08:26:00,55
2022-08-01 08:27:00,60
2022-08-01 08:38:00,57
2022-08-01 08:39:00,59
2022-08-01 08:40:00,61
2022-08-01 08:41:00,65
2022-08-01 08:42:00,59
2022-08-01 08:43:00,58
2022-08-01 08:44:00,58
2022-08-01 08:45:00,57
2022-08-01 08:46:00,58
2022-08-01 08:47:00,59
2022-08-01 09:18:00,56
2022-08-01 09:19:00,55
2022-08-01 09:20:00,55
2022-08-01 09:21:00,60
2022-08-01 09:22:00,64
2022-08-01 09:23:00,61
2022-08-01 09:24:00,57
2022-08-01 09:25:00,58
2022-08-01 09:26:00,57
2022-08-01 09:27:00,57
2022-08-01 09:48:00,63
2022-08-01 09:49:00,63
2022-08-01 09:50:00,65
2022-08-01 09:51:00,58
2022-08-01 09:52:00,59
2022-08-01 09:54:00,58
2022-08-01 09:55:00,63
2022-08-01 09:56:00,59
2022-08-01 09:57:00,58
2022-08-01 12:08:00,61
2022-08-01 12:09:00,60
2022-08-01 12:10:00,59
2022-08-01 12:11:00,58
2022-08-01 12:12:00,58
2022-08-01 12:13:00,59
2022-08-01 12:14:00,61
2022-08-01 12:15:00,62
2022-08-01 12:16:00,60
2022-08-01 12:17:00,61
2022-08-01 12:28:00,59
2022-08-01 12:29:00,61
2022-08-01 12:30:00,61
2022-08-01 12:31:00,58
2022-08-01 12:32:00,57
2022-08-01 12:33:00,61
2022-08-01 12:34:00,61
2022-08-01 12:35:00,64
2022-08-01 12:36:00,61
2022-08-01 12:37:00,61
2022-08-01 13:08:00,65
2022-08-01 13:09:00,65
2022-08-01 13:10:00,63
2022-08-01 13:11:00,61
2022-08-01 13:12:00,57
2022-08-01 13:13:00,56
2022-08-01 13:14:00,62
2022-08-01 13:15:00,61
2022-08-01 13:16:00,63
2022-08-01 13:17:00,59
2022-08-01 13:48:00,63
2022-08-01 13:49:00,65
2022-08-01 13:50:00,65
2022-08-01 13:51:00,64
2022-08-01 13:52:00,66
2022-08-01 13:54:00,69
2022-08-01 13:55:00,70
2022-08-01 13:56:00,65
2022-08-01 13:57:00,62
2022-08-01 16:48:00,66
2022-08-01 16:49:00,67
2022-08-01 16:50:00,66
2022-08-01 16:51:00,68
2022-08-01 16:52:00,63
2022-08-01 16:53:00,62
2022-08-01 16:54:00,65
2022-08-01 16:55:00,62
2022-08-01 16:56:00,64
2022-08-01 19:18:00,57
2022-08-01 19:19:00,56
2022-08-01 19:20:00,57
2022-08-01 19:21:00,60
2022-08-01 19:22:00,61
2022-08-01 19:23:00,61
2022-08-01 19:24:00,57
2022-08-01 19:25:00,53
2022-08-01 19:26:00,55
2022-08-01 19:27:00,56
2022-08-01 19:38:00,57
2022-08-01 19:39:00,57
2022-08-01 19:40:00,59
2022-08-01 19:41:00,58
2022-08-01 19:42:00,57
2022-08-01 19:43:00,58
2022-08-01 19:44:00,55
2022-08-01 19:45:00,59
2022-08-01 19:46:00,56
2022-08-01 19:47:00,58
2022-08-01 19:58:00,57
2022-08-01 19:59:00,54
2022-08-01 20:01:00,59
2022-08-01 20:02:00,55
2022-08-01 20:03:00,58
2022-08-01 20:04:00,55
2022-08-01 20:05:00,55
2022-08-01 20:06:00,57
2022-08-01 20:07:00,56
2022-08-01 21:08:00,56
2022-08-01 21:09:00,56
2022-08-01 21:10:00,58
2022-08-01 21:11:00,55
2022-08-01 21:12:00,54
2022-08-01 21:13:00,55
2022-08-01 21:14:00,58
2022-08-01 21:15:00,55
2022-08-01 21:16:00,57
2022-08-01 21:17:00,57
2022-08-01 21:48:00,53
2022-08-01 21:49:00,55
2022-08-01 21:50:00,52
2022-08-01 21:51:00,53
2022-08-01 21:52:00,54
2022-08-01 21:53:00,56
2022-08-01 21:54:00,57
2022-08-01 21:55:00,55
2022-08-01 21:56:00,53
2022-08-01 21:57:00,55
2022-08-01 22:28:00,55
2022-08-01 22:29:00,53
2022-08-01 22:30:00,54
2022-08-01 22:31:00,52
2022-08-01 22:32:00,56
2022-08-01 22:33:00,54
2022-08-01 22:34:00,57
2022-08-01 22:35:00,56
2022-08-01 22:36:00,62
2022-08-01 22:37:00,54
2022-08-01 22:38:00,55
2022-08-01 22:39:00,54
2022-08-01 22:40:00,51
2022-08-01 22:41:00,52
2022-08-01 22:42:00,54
2022-08-01 22:43:00,53
2022-08-01 22:44:00,54
2022-08-01 22:45:00,53
2022-08-01 22:46:00,53
2022-08-01 22:47:00,54
2022-08-01 23:28:00,53
2022-08-01 23:29:00,52
2022-08-01 23:30:00,53
2022-08-01 23:31:00,53
2022-08-01 23:32:00,57
2022-08-01 23:33:00,59
2022-08-01 23:34:00,52
2022-08-01 23:35:00,53
2022-08-01 23:36:00,52
2022-08-01 23:37:00,53
2022-08-01 23:38:00,56
2022-08-01 23:39:00,58
2022-08-01 23:40:00,56
2022-08-01 23:41:00,51
2022-08-01 23:42:00,54
2022-08-01 23:43:00,58
2022-08-01 23:44:00,51
2022-08-01 23:45:00,57
2022-08-01 23:46:00,54
2022-08-01 23:47:00,56
2022-08-02 00:08:00,55
2022-08-02 00:09:00,50
2022-08-02 00:10:00,55
2022-08-02 00:11:00,53
2022-08-02 00:12:00,56
2022-08-02 00:13:00,56
2022-08-02 00:14:00,53
2022-08-02 00:15:00,53
2022-08-02 00:16:00,54
2022-08-02 00:17:00,50
2022-08-02 01:48:00,52
2022-08-02 01:49:00,57
2022-08-02 01:50:00,52
2022-08-02 01:51:00,50
2022-08-02 01:52:00,50
2022-08-02 01:53:00,53
2022-08-02 01:54:00,58
2022-08-02 01:55:00,49
2022-08-02 01:56:00,49
2022-08-02 01:58:00,52
2022-08-02 02:08:00,55
2022-08-02 02:09:00,55
2022-08-02 02:10:00,52
2022-08-02 02:11:00,53
2022-08-02 02:12:00,52
2022-08-02 02:13:00,53
2022-08-02 02:14:00,50
2022-08-02 02:15:00,51
2022-08-02 02:16:00,50
2022-08-02 02:17:00,54
2022-08-02 02:48:00,49
2022-08-02 02:49:00,51
2022-08-02 02:50:00,55
2022-08-02 02:51:00,49
2022-08-02 02:52:00,52
2022-08-02 02:53:00,50
2022-08-02 02:54:00,50
2022-08-02 02:55:00,49
2022-08-02 02:56:00,53
2022-08-02 02:57:00,53
2022-08-02 02:58:00,50
2022-08-02 02:59:00,50
2022-08-02 03:00:00,51
2022-08-02 03:02:00,54
2022-08-02 03:03:00,49
2022-08-02 03:04:00,51
2022-08-02 03:05:00,53
2022-08-02 03:06:00,54
2022-08-02 03:07:00,57
2022-08-02 03:18:00,53
2022-08-02 03:19:00,53
2022-08-02 03:20:00,51
2022-08-02 03:21:00,50
2022-08-02 03:22:00,50
2022-08-02 03:23:00,51
2022-08-02 03:24:00,52
2022-08-02 03:25:00,50
2022-08-02 03:26:00,55
2022-08-02 03:27:00,56
2022-08-02 05:28:00,53
2022-08-02 05:29:00,53
2022-08-02 05:30:00,50
2022-08-02 05:31:00,54
2022-08-02 05:32:00,56
2022-08-02 05:33:00,52
2022-08-02 05:34:00,51
2022-08-02 05:35:00,50
2022-08-02 05:36:00,54
2022-08-02 05:37:00,52
2022-08-02 05:58:00,54
2022-08-02 06:00:00,52
2022-08-02 06:01:00,57
2022-08-02 06:02:00,59
2022-08-02 06:03:00,57
2022-08-02 06:04:00,53
2022-08-02 06:05:00,54
2022-08-02 06:06:00,50
2022-08-02 06:07:00,60
2022-08-02 06:08:00,60
2022-08-02 06:09:00,53
2022-08-02 06:10:00,55
2022-08-02 06:11:00,57
2022-08-02 06:12:00,52
2022-08-02 06:13:00,53
2022-08-02 06:14:00,55
2022-08-02 06:15:00,54
2022-08-02 06:16:00,51
2022-08-02 06:17:00,58
2022-08-02 06:18:00,51
2022-08-02 06:19:00,51
2022-08-02 06:20:00,55
2022-08-02 06:21:00,53
2022-08-02 06:22:00,54
2022-08-02 06:23:00,59
2022-08-02 06:24:00,58
2022-08-02 06:25:00,52
2022-08-02 06:26:00,53
2022-08-02 06:27:00,53
2022-08-02 07:28:00,57
2022-08-02 07:29:00,58
2022-08-02 07:30:00,56
2022-08-02 07:31:00,55
2022-08-02 07:32:00,57
2022-08-02 07:33:00,57
2022-08-02 07:34:00,59
2022-08-02 07:35:00,63
2022-08-02 07:36:00,67
2022-08-02 07:37:00,57
2022-08-02 08:18:00,58
2022-08-02 08:19:00,56
2022-08-02 08:20:00,56
2022-08-02 08:21:00,59
2022-08-02 08:22:00,60
2022-08-02 08:23:00,62
2022-08-02 08:24:00,59
2022-08-02 08:25:00,59
2022-08-02 08:26:00,56
2022-08-02 08:27:00,58
2022-08-02 08:28:00,60
2022-08-02 08:29:00,59
2022-08-02 08:30:00,60
2022-08-02 08:31:00,56
2022-08-02 08:32:00,55
2022-08-02 08:33:00,57
2022-08-02 08:34:00,56
2022-08-02 08:35:00,60
2022-08-02 08:36:00,66
2022-08-02 08:37:00,59
2022-08-02 08:38:00,60
2022-08-02 08:39:00,59
2022-08-02 08:40:00,58
2022-08-02 08:41:00,59
2022-08-02 08:42:00,64
2022-08-02 08:43:00,59
2022-08-02 08:44:00,57
2022-08-02 08:45:00,57
2022-08-02 08:46:00,62
2022-08-02 08:47:00,59
2022-08-02 09:09:00,64
2022-08-02 09:10:00,62
2022-08-02 09:11:00,64
2022-08-02 09:12:00,60
2022-08-02 09:13:00,61
2022-08-02 09:14:00,63
2022-08-02 09:15:00,62
2022-08-02 09:16:00,62
2022-08-02 09:17:00,65
2022-08-02 09:28:00,62
2022-08-02 09:29:00,65
2022-08-02 09:30:00,63
2022-08-02 09:31:00,61
2022-08-02 09:32:00,58
2022-08-02 09:33:00,58
2022-08-02 09:34:00,64
2022-08-02 09:35:00,62
2022-08-02 09:36:00,63
2022-08-02 09:37:00,61
2022-08-02 09:38:00,63
2022-08-02 09:39:00,59
2022-08-02 09:40:00,58
2022-08-02 09:41:00,62
2022-08-02 09:42:00,65
2022-08-02 09:43:00,62
2022-08-02 09:44:00,62
2022-08-02 09:45:00,57
2022-08-02 09:46:00,61
2022-08-02 09:47:00,61
2022-08-02 09:48:00,61
2022-08-02 09:49:00,61
2022-08-02 09:50:00,58
2022-08-02 09:51:00,56
2022-08-02 09:52:00,60
2022-08-02 09:53:00,58
2022-08-02 09:54:00,61
2022-08-02 09:55:00,64
2022-08-02 09:56:00,59
2022-08-02 09:57:00,58
2022-08-02 10:09:00,64
2022-08-02 10:10:00,58
2022-08-02 10:11:00,60
2022-08-02 10:12:00,60
2022-08-02 10:13:00,59
2022-08-02 10:14:00,59
2022-08-02 10:15:00,61
2022-08-02 10:16:00,62
2022-08-02 10:17:00,64
2022-08-02 11:09:00,60
2022-08-02 11:10:00,62
2022-08-02 11:11:00,60
2022-08-02 11:12:00,59
2022-08-02 11:13:00,62
2022-08-02 11:14:00,60
2022-08-02 11:15:00,60
2022-08-02 11:16:00,60
2022-08-02 11:17:00,60
2022-08-02 11:49:00,63
2022-08-02 11:50:00,59
2022-08-02 11:51:00,60
2022-08-02 11:52:00,59
2022-08-02 11:53:00,59
2022-08-02 11:54:00,58
2022-08-02 11:55:00,62
2022-08-02 11:56:00,65
2022-08-02 11:57:00,62
2022-08-02 11:58:00,57
2022-08-02 12:18:00,61
2022-08-02 12:19:00,57
2022-08-02 12:20:00,62
2022-08-02 12:21:00,59
2022-08-02 12:22:00,61
2022-08-02 12:23:00,61
2022-08-02 12:24:00,58
2022-08-02 12:25:00,62
2022-08-02 12:26:00,58
2022-08-02 12:27:00,59
2022-08-02 12:28:00,62
2022-08-02 12:29:00,60
2022-08-02 12:30:00,60
2022-08-02 12:31:00,62
2022-08-02 12:32:00,58
2022-08-02 12:33:00,58
2022-08-02 12:34:00,59
2022-08-02 12:35:00,60
2022-08-02 12:36:00,63
2022-08-02 12:37:00,60
2022-08-02 17:09:00,62
2022-08-02 17:10:00,62
2022-08-02 17:11:00,62
2022-08-02 17:12:00,61
2022-08-02 17:13:00,60
2022-08-02 17:14:00,62
2022-08-02 17:15:00,62
2022-08-02 17:16:00,62
2022-08-02 17:17:00,63
2022-08-02 17:18:00,61
2022-08-02 17:28:00,64
2022-08-02 17:29:00,64
2022-08-02 17:30:00,63
2022-08-02 17:31:00,59
2022-08-02 17:32:00,59
2022-08-02 17:33:00,57
2022-08-02 17:34:00,61
2022-08-02 17:35:00,62
2022-08-02 17:36:00,64
2022-08-02 17:37:00,70
2022-08-02 17:59:00,59
2022-08-02 18:00:00,60
2022-08-02 18:01:00,61
2022-08-02 18:02:00,63
2022-08-02 18:03:00,61
2022-08-02 18:04:00,60
2022-08-02 18:05:00,60
2022-08-02 18:06:00,56
2022-08-02 18:07:00,56
2022-08-02 18:08:00,62
2022-08-02 20:38:00,57
2022-08-02 20:39:00,58
2022-08-02 20:40:00,57
2022-08-02 20:42:00,58
2022-08-02 20:43:00,61
2022-08-02 20:44:00,56
2022-08-02 20:45:00,53
2022-08-02 20:46:00,55
2022-08-02 20:47:00,54
2022-08-02 20:48:00,55
2022-08-02 22:28:00,54
2022-08-02 22:29:00,51
2022-08-02 22:30:00,52
2022-08-02 22:31:00,51
2022-08-02 22:32:00,57
2022-08-02 22:33:00,52
2022-08-02 22:34:00,57
2022-08-02 22:35:00,57
2022-08-02 22:36:00,53
2022-08-02 22:37:00,51
2022-08-02 23:28:00,54
2022-08-02 23:29:00,55
2022-08-02 23:30:00,53
2022-08-02 23:31:00,54
2022-08-02 23:32:00,55
2022-08-02 23:33:00,51
2022-08-02 23:34:00,51
2022-08-02 23:35:00,52
2022-08-02 23:36:00,54
2022-08-02 23:37:00,55
2022-08-03 00:19:00,51
2022-08-03 00:20:00,53
2022-08-03 00:21:00,51
2022-08-03 00:22:00,51
2022-08-03 00:23:00,53
2022-08-03 00:24:00,51
2022-08-03 00:25:00,50
2022-08-03 00:26:00,49
2022-08-03 00:27:00,51
2022-08-03 00:28:00,50
2022-08-03 00:29:00,50
2022-08-03 00:30:00,51
2022-08-03 00:31:00,53
2022-08-03 00:32:00,51
2022-08-03 00:33:00,52
2022-08-03 00:34:00,50
2022-08-03 00:35:00,50
2022-08-03 00:36:00,55
2022-08-03 00:37:00,52
2022-08-03 00:49:00,53
2022-08-03 00:50:00,53
2022-08-03 00:51:00,53
2022-08-03 00:52:00,50
2022-08-03 00:53:00,54
2022-08-03 00:54:00,54
2022-08-03 00:55:00,54
2022-08-03 00:56:00,54
2022-08-03 00:57:00,51
2022-08-03 00:58:00,55
2022-08-03 01:29:00,50
2022-08-03 01:30:00,52
2022-08-03 01:31:00,50
2022-08-03 01:32:00,52
2022-08-03 01:33:00,50
2022-08-03 01:34:00,51
2022-08-03 01:35:00,50
2022-08-03 01:36:00,51
2022-08-03 01:37:00,51
2022-08-03 01:38:00,50
2022-08-03 01:39:00,50
2022-08-03 01:40:00,50
2022-08-03 01:41:00,52
2022-08-03 01:42:00,52
2022-08-03 01:43:00,49
2022-08-03 01:44:00,49
2022-08-03 01:45:00,50
2022-08-03 01:46:00,52
2022-08-03 01:48:00,52
2022-08-03 02:03:00,50
2022-08-03 02:04:00,52
2022-08-03 02:05:00,50
2022-08-03 02:06:00,49
2022-08-03 02:07:00,50
2022-08-03 02:08:00,53
2022-08-03 02:09:00,50
2022-08-03 02:10:00,52
2022-08-03 02:11:00,49
2022-08-03 02:12:00,52
2022-08-03 02:23:00,50
2022-08-03 02:24:00,51
2022-08-03 02:25:00,49
2022-08-03 02:26:00,51
2022-08-03 02:27:00,50
2022-08-03 02:28:00,51
2022-08-03 02:29:00,53
2022-08-03 02:30:00,49
2022-08-03 02:31:00,52
2022-08-03 02:32:00,50
2022-08-03 03:44:00,49
2022-08-03 03:45:00,53
2022-08-03 03:46:00,51
2022-08-03 03:47:00,50
2022-08-03 03:48:00,53
2022-08-03 03:49:00,49
2022-08-03 03:50:00,50
2022-08-03 03:51:00,54
2022-08-03 03:52:00,53
2022-08-03 04:53:00,55
2022-08-03 04:54:00,50
2022-08-03 04:55:00,51
2022-08-03 04:56:00,51
2022-08-03 04:57:00,51
2022-08-03 04:58:00,51
2022-08-03 04:59:00,55
2022-08-03 05:00:00,49
2022-08-03 05:01:00,51
2022-08-03 05:02:00,50
2022-08-03 05:03:00,55
2022-08-03 05:04:00,52
2022-08-03 05:05:00,51
2022-08-03 05:06:00,52
2022-08-03 05:07:00,50
2022-08-03 05:08:00,49
2022-08-03 05:09:00,52
2022-08-03 05:10:00,53
2022-08-03 05:11:00,53
2022-08-03 05:12:00,51
2022-08-03 06:53:00,54
2022-08-03 06:54:00,54
2022-08-03 06:55:00,57
2022-08-03 06:56:00,58
2022-08-03 06:57:00,55
2022-08-03 06:58:00,57
2022-08-03 06:59:00,57
2022-08-03 07:00:00,52
2022-08-03 07:01:00,55
2022-08-03 07:02:00,55
2022-08-03 07:03:00,56
2022-08-03 07:04:00,51
2022-08-03 07:05:00,60
2022-08-03 07:06:00,53
2022-08-03 07:07:00,53
2022-08-03 07:08:00,53
2022-08-03 07:09:00,53
2022-08-03 07:10:00,54
2022-08-03 07:11:00,54
2022-08-03 07:12:00,56
2022-08-03 07:33:00,59
2022-08-03 07:34:00,56
2022-08-03 07:35:00,54
2022-08-03 07:36:00,63
2022-08-03 07:37:00,58
2022-08-03 07:39:00,58
2022-08-03 07:40:00,58
2022-08-03 07:41:00,54
2022-08-03 07:42:00,55
2022-08-03 07:43:00,57
2022-08-03 07:44:00,59
2022-08-03 07:45:00,59
2022-08-03 07:46:00,60
2022-08-03 07:47:00,59
2022-08-03 07:48:00,55
2022-08-03 07:49:00,57
2022-08-03 07:50:00,57
2022-08-03 07:51:00,60
2022-08-03 07:52:00,58
2022-08-03 12:13:00,57
2022-08-03 12:14:00,58
2022-08-03 12:15:00,61
2022-08-03 12:16:00,59
2022-08-03 12:17:00,66
2022-08-03 12:18:00,64
2022-08-03 12:19:00,61
2022-08-03 12:20:00,59
2022-08-03 12:21:00,59
2022-08-03 12:22:00,58
2022-08-03 12:44:00,65
2022-08-03 12:45:00,62
2022-08-03 12:46:00,60
2022-08-03 12:47:00,62
2022-08-03 12:48:00,59
2022-08-03 12:49:00,59
2022-08-03 12:50:00,59
2022-08-03 12:51:00,62
2022-08-03 12:52:00,62
2022-08-03 12:53:00,62
2022-08-03 12:54:00,62
2022-08-03 12:55:00,60
2022-08-03 12:56:00,59
2022-08-03 12:57:00,63
2022-08-03 12:58:00,65
2022-08-03 12:59:00,64
2022-08-03 13:00:00,61
2022-08-03 13:01:00,65
2022-08-03 13:02:00,65
2022-08-03 13:03:00,65
2022-08-03 13:04:00,63
2022-08-03 13:05:00,69
2022-08-03 13:06:00,61
2022-08-03 13:07:00,60
2022-08-03 13:08:00,68
2022-08-03 13:09:00,60
2022-08-03 13:10:00,62
2022-08-03 13:11:00,63
2022-08-03 13:12:00,64
2022-08-03 13:13:00,61
2022-08-03 13:14:00,63
2022-08-03 13:15:00,64
2022-08-03 13:16:00,57
2022-08-03 13:17:00,60
2022-08-03 13:18:00,69
2022-08-03 13:19:00,60
2022-08-03 13:20:00,61
2022-08-03 13:21:00,61
2022-08-03 13:22:00,66
2022-08-03 13:23:00,62
2022-08-03 13:24:00,59
2022-08-03 13:25:00,61
2022-08-03 13:26:00,62
2022-08-03 13:27:00,64
2022-08-03 13:28:00,63
2022-08-03 13:29:00,61
2022-08-03 13:30:00,61
2022-08-03 13:31:00,64
2022-08-03 13:32:00,63
2022-08-03 13:33:00,61
2022-08-03 13:34:00,61
2022-08-03 13:35:00,59
2022-08-03 13:36:00,62
2022-08-03 13:38:00,63
2022-08-03 13:39:00,60
2022-08-03 13:40:00,63
2022-08-03 13:41:00,61
2022-08-03 13:42:00,58
2022-08-03 13:43:00,57
2022-08-03 13:54:00,64
2022-08-03 13:55:00,61
2022-08-03 13:56:00,58
2022-08-03 13:57:00,66
2022-08-03 13:58:00,65
2022-08-03 13:59:00,66
2022-08-03 14:00:00,67
2022-08-03 14:01:00,61
2022-08-03 14:02:00,60
2022-08-03 14:03:00,64
2022-08-03 14:04:00,60
2022-08-03 14:05:00,66
2022-08-03 14:06:00,63
2022-08-03 14:07:00,59
2022-08-03 14:08:00,58
2022-08-03 14:09:00,64
2022-08-03 14:10:00,61
2022-08-03 14:11:00,67
2022-08-03 14:12:00,65
2022-08-03 14:33:00,68
2022-08-03 14:34:00,62
2022-08-03 14:35:00,57
2022-08-03 14:37:00,61
2022-08-03 14:38:00,63
2022-08-03 14:39:00,64
2022-08-03 14:40:00,60
2022-08-03 14:41:00,59
2022-08-03 14:42:00,60
2022-08-03 14:43:00,61
2022-08-03 14:54:00,70
2022-08-03 14:55:00,63
2022-08-03 14:56:00,58
2022-08-03 14:57:00,59
2022-08-03 14:58:00,61
2022-08-03 14:59:00,63
2022-08-03 15:00:00,62
2022-08-03 15:01:00,58
2022-08-03 15:02:00,59
2022-08-03 16:44:00,63
2022-08-03 16:45:00,64
2022-08-03 16:46:00,65
2022-08-03 16:47:00,62
2022-08-03 16:48:00,60
2022-08-03 16:49:00,57
2022-08-03 16:50:00,63
2022-08-03 16:51:00,62
2022-08-03 16:52:00,65
2022-08-03 16:53:00,61
2022-08-03 18:34:00,67
2022-08-03 18:35:00,61
2022-08-03 18:36:00,58
2022-08-03 18:37:00,60
2022-08-03 18:38:00,62
2022-08-03 18:39:00,64
2022-08-03 18:40:00,66
2022-08-03 18:41:00,61
2022-08-03 18:42:00,59
2022-08-03 18:43:00,61
2022-08-03 18:54:00,58
2022-08-03 18:55:00,60
2022-08-03 18:56:00,60
2022-08-03 18:57:00,63
2022-08-03 18:58:00,60
2022-08-03 18:59:00,60
2022-08-03 19:00:00,62
2022-08-03 19:01:00,59
2022-08-03 19:02:00,56
2022-08-03 19:03:00,59
2022-08-03 20:13:00,57
2022-08-03 20:14:00,58
2022-08-03 20:15:00,58
2022-08-03 20:16:00,52
2022-08-03 20:17:00,57
2022-08-03 20:18:00,61
2022-08-03 20:20:00,58
2022-08-03 20:21:00,56
2022-08-03 20:22:00,56
2022-08-03 20:23:00,56
2022-08-03 20:54:00,56
2022-08-03 20:55:00,53
2022-08-03 20:56:00,55
2022-08-03 20:57:00,56
2022-08-03 20:58:00,58
2022-08-03 20:59:00,62
2022-08-03 21:00:00,56
2022-08-03 21:01:00,60
2022-08-03 21:02:00,56
2022-08-03 21:03:00,55
2022-08-03 21:13:00,59
2022-08-03 21:14:00,59
2022-08-03 21:15:00,59
2022-08-03 21:16:00,58
2022-08-03 21:17:00,61
2022-08-03 21:18:00,59
2022-08-03 21:19:00,56
2022-08-03 21:21:00,56
2022-08-03 21:22:00,54
2022-08-03 21:23:00,62
2022-08-03 21:24:00,58
2022-08-03 21:25:00,61
2022-08-03 21:26:00,57
2022-08-03 21:27:00,58
2022-08-03 21:28:00,54
2022-08-03 21:29:00,55
2022-08-03 21:30:00,53
2022-08-03 21:31:00,58
2022-08-03 21:32:00,64
2022-08-03 21:33:00,61
2022-08-03 22:04:00,58
2022-08-03 22:05:00,52
2022-08-03 22:06:00,61
2022-08-03 22:07:00,61
2022-08-03 22:08:00,60
2022-08-03 22:09:00,61
2022-08-03 22:10:00,58
2022-08-03 22:11:00,56
2022-08-03 22:12:00,55
2022-08-03 22:13:00,56
2022-08-03 22:14:00,57
2022-08-03 22:15:00,58
2022-08-03 22:16:00,52
2022-08-03 22:17:00,60
2022-08-03 22:18:00,54
2022-08-03 22:19:00,54
2022-08-03 22:21:00,52
2022-08-03 22:22:00,59
2022-08-03 22:23:00,56
2022-08-03 22:44:00,58
2022-08-03 22:45:00,55
2022-08-03 22:46:00,58
2022-08-03 22:47:00,56
2022-08-03 22:48:00,57
2022-08-03 22:49:00,59
2022-08-03 22:50:00,54
2022-08-03 22:51:00,56
2022-08-03 22:52:00,52
2022-08-03 22:53:00,52
2022-08-03 22:54:00,55
2022-08-03 22:55:00,57
2022-08-03 22:56:00,60
2022-08-03 22:57:00,55
2022-08-03 22:58:00,54
2022-08-03 22:59:00,52
2022-08-03 23:00:00,52
2022-08-03 23:01:00,54
2022-08-03 23:02:00,54
2022-08-03 23:03:00,55
2022-08-03 23:04:00,55
2022-08-03 23:05:00,52
2022-08-03 23:06:00,53
2022-08-03 23:07:00,53
2022-08-03 23:08:00,54
2022-08-03 23:09:00,61
2022-08-03 23:10:00,62
2022-08-03 23:11:00,58
2022-08-03 23:12:00,54
2022-08-03 23:54:00,58
2022-08-03 23:55:00,56
2022-08-03 23:56:00,55
2022-08-03 23:57:00,55
2022-08-03 23:58:00,58
2022-08-03 23:59:00,54
2022-08-04 00:00:00,55
2022-08-04 00:01:00,57
2022-08-04 00:02:00,55
2022-08-04 00:03:00,57
2022-08-04 00:24:00,54
2022-08-04 00:25:00,54
2022-08-04 00:26:00,55
2022-08-04 00:27:00,53
2022-08-04 00:28:00,53
2022-08-04 00:29:00,54
2022-08-04 00:30:00,54
2022-08-04 00:31:00,54
2022-08-04 00:32:00,55
2022-08-04 00:33:00,55
2022-08-04 00:34:00,60
2022-08-04 00:35:00,54
2022-08-04 00:36:00,52
2022-08-04 00:37:00,57
2022-08-04 00:38:00,55
2022-08-04 00:39:00,53
2022-08-04 00:40:00,56
2022-08-04 00:41:00,54
2022-08-04 00:42:00,57
2022-08-04 00:43:00,55
2022-08-04 00:54:00,57
2022-08-04 00:55:00,52
2022-08-04 00:56:00,50
2022-08-04 00:57:00,55
2022-08-04 00:58:00,53
2022-08-04 00:59:00,53
2022-08-04 01:00:00,54
2022-08-04 01:01:00,51
2022-08-04 01:02:00,54
2022-08-04 01:03:00,53
2022-08-04 01:23:00,50
2022-08-04 01:24:00,54
2022-08-04 01:25:00,51
2022-08-04 01:27:00,57
2022-08-04 01:28:00,52
2022-08-04 01:29:00,49
2022-08-04 01:30:00,54
2022-08-04 01:31:00,52
2022-08-04 01:32:00,50
2022-08-04 01:33:00,53
2022-08-04 01:34:00,52
2022-08-04 01:35:00,50
2022-08-04 01:36:00,55
2022-08-04 01:37:00,51
2022-08-04 01:38:00,52
2022-08-04 01:39:00,52
2022-08-04 01:40:00,50
2022-08-04 01:41:00,51
2022-08-04 01:42:00,49
2022-08-04 01:43:00,52
2022-08-04 01:54:00,50
2022-08-04 01:55:00,56
2022-08-04 01:56:00,51
2022-08-04 01:57:00,49
2022-08-04 01:58:00,52
2022-08-04 01:59:00,53
2022-08-04 02:00:00,50
2022-08-04 02:01:00,52
2022-08-04 02:02:00,51
2022-08-04 02:03:00,50
2022-08-04 02:04:00,54
2022-08-04 02:05:00,49
2022-08-04 02:06:00,51
2022-08-04 02:07:00,52
2022-08-04 02:08:00,52
2022-08-04 02:09:00,55
2022-08-04 02:10:00,54
2022-08-04 02:11:00,51
2022-08-04 02:12:00,52
2022-08-04 02:34:00,50
2022-08-04 02:35:00,52
2022-08-04 02:36:00,52
2022-08-04 02:37:00,49
2022-08-04 02:38:00,51
2022-08-04 02:39:00,49
2022-08-04 02:40:00,54
2022-08-04 02:41:00,51
2022-08-04 02:42:00,50
2022-08-04 02:43:00,49
2022-08-04 02:44:00,53
2022-08-04 02:45:00,54
2022-08-04 02:46:00,54
2022-08-04 02:47:00,53
2022-08-04 02:48:00,56
2022-08-04 02:49:00,49
2022-08-04 02:50:00,54
2022-08-04 02:51:00,51
2022-08-04 02:52:00,50
2022-08-04 02:53:00,51
2022-08-04 03:13:00,52
2022-08-04 03:14:00,49
2022-08-04 03:15:00,58
2022-08-04 03:16:00,53
2022-08-04 03:17:00,52
2022-08-04 03:18:00,52
2022-08-04 03:19:00,53
2022-08-04 03:20:00,53
2022-08-04 03:21:00,50
2022-08-04 03:22:00,52
2022-08-04 03:23:00,50
2022-08-04 03:24:00,52
2022-08-04 03:25:00,49
2022-08-04 03:27:00,54
2022-08-04 03:28:00,53
2022-08-04 03:29:00,50
2022-08-04 03:30:00,50
2022-08-04 03:31:00,52
2022-08-04 03:32:00,51
2022-08-04 03:33:00,52
2022-08-04 04:04:00,51
2022-08-04 04:05:00,50
2022-08-04 04:06:00,51
2022-08-04 04:07:00,51
2022-08-04 04:08:00,50
2022-08-04 04:09:00,53
2022-08-04 04:10:00,50
2022-08-04 04:11:00,51
2022-08-04 04:12:00,54
2022-08-04 04:23:00,52
2022-08-04 04:24:00,52
2022-08-04 04:25:00,54
2022-08-04 04:27:00,52
2022-08-04 04:28:00,53
2022-08-04 04:29:00,52
2022-08-04 04:30:00,52
2022-08-04 04:31:00,49
2022-08-04 04:32:00,50
2022-08-04 04:33:00,55
2022-08-04 04:34:00,52
2022-08-04 04:35:00,56
2022-08-04 04:36:00,53
2022-08-04 04:37:00,55
2022-08-04 04:38:00,51
2022-08-04 04:39:00,52
2022-08-04 04:40:00,52
2022-08-04 04:41:00,54
2022-08-04 04:42:00,57
2022-08-04 04:43:00,55
2022-08-04 04:44:00,54
2022-08-04 04:45:00,57
2022-08-04 04:46:00,54
2022-08-04 04:47:00,53
2022-08-04 04:48:00,50
2022-08-04 04:49:00,53
2022-08-04 04:50:00,55
2022-08-04 04:51:00,59
2022-08-04 04:52:00,50
2022-08-04 04:53:00,52
2022-08-04 04:54:00,51
2022-08-04 04:55:00,52
2022-08-04 04:56:00,50
2022-08-04 04:57:00,52
2022-08-04 04:58:00,50
2022-08-04 04:59:00,50
2022-08-04 05:00:00,50
2022-08-04 05:01:00,50
2022-08-04 05:02:00,49
2022-08-04 05:03:00,54
2022-08-04 06:14:00,52
2022-08-04 06:15:00,56
2022-08-04 06:16:00,56
2022-08-04 06:17:00,55
2022-08-04 06:18:00,57
2022-08-04 06:19:00,52
2022-08-04 06:20:00,56
2022-08-04 06:21:00,53
2022-08-04 06:22:00,54
2022-08-04 06:23:00,52
2022-08-04 06:24:00,55
2022-08-04 06:25:00,52
2022-08-04 06:26:00,58
2022-08-04 06:27:00,58
2022-08-04 06:28:00,53
2022-08-04 06:29:00,53
2022-08-04 06:31:00,52
2022-08-04 06:32:00,59
2022-08-04 06:33:00,56
2022-08-04 06:34:00,55
2022-08-04 06:35:00,52
2022-08-04 06:36:00,53
2022-08-04 06:37:00,54
2022-08-04 06:38:00,57
2022-08-04 06:39:00,59
2022-08-04 06:40:00,57
2022-08-04 06:41:00,57
2022-08-04 06:42:00,52
2022-08-04 06:43:00,54
2022-08-04 07:04:00,54
2022-08-04 07:05:00,58
2022-08-04 07:06:00,59
2022-08-04 07:07:00,57
2022-08-04 07:08:00,57
2022-08-04 07:09:00,55
2022-08-04 07:10:00,55
2022-08-04 07:11:00,61
2022-08-04 07:12:00,55
2022-08-04 07:13:00,62
2022-08-04 07:14:00,57
2022-08-04 07:15:00,58
2022-08-04 07:16:00,55
2022-08-04 07:17:00,53
2022-08-04 07:18:00,58
2022-08-04 07:19:00,59
2022-08-04 07:20:00,52
2022-08-04 07:21:00,55
2022-08-04 07:22:00,54
2022-08-04 07:54:00,61
2022-08-04 07:55:00,55
2022-08-04 07:56:00,57
2022-08-04 07:57:00,58
2022-08-04 07:58:00,59
2022-08-04 07:59:00,64
2022-08-04 08:00:00,59
2022-08-04 08:01:00,60
2022-08-04 08:02:00,59
2022-08-04 08:03:00,55
2022-08-04 08:04:00,59
2022-08-04 08:05:00,58
2022-08-04 08:06:00,62
2022-08-04 08:07:00,59
2022-08-04 08:08:00,58
2022-08-04 08:09:00,58
2022-08-04 08:10:00,55
2022-08-04 08:11:00,56
2022-08-04 08:12:00,59
2022-08-04 08:13:00,60
2022-08-04 08:34:00,60
2022-08-04 08:35:00,61
2022-08-04 08:36:00,59
2022-08-04 08:37:00,62
2022-08-04 08:38:00,61
2022-08-04 08:39:00,66
2022-08-04 08:40:00,60
2022-08-04 08:41:00,63
2022-08-04 08:42:00,59
2022-08-04 08:43:00,60
2022-08-04 08:44:00,59
2022-08-04 08:45:00,63
2022-08-04 08:46:00,66
2022-08-04 08:47:00,63
2022-08-04 08:48:00,65
2022-08-04 08:49:00,60
2022-08-04 08:50:00,61
2022-08-04 08:51:00,62
2022-08-04 08:52:00,61
2022-08-04 08:53:00,67
2022-08-04 10:15:00,58
2022-08-04 10:16:00,62
2022-08-04 10:17:00,62
2022-08-04 10:18:00,57
2022-08-04 10:19:00,61
2022-08-04 10:20:00,64
2022-08-04 10:21:00,62
2022-08-04 10:22:00,60
2022-08-04 10:23:00,59
2022-08-04 10:34:00,63
2022-08-04 10:35:00,61
2022-08-04 10:36:00,61
2022-08-04 10:37:00,60
2022-08-04 10:38:00,62
2022-08-04 10:39:00,64
2022-08-04 10:40:00,60
2022-08-04 10:41:00,60
2022-08-04 10:42:00,60
2022-08-04 10:43:00,61
2022-08-04 10:54:00,61
2022-08-04 10:55:00,59
2022-08-04 10:56:00,60
2022-08-04 10:57:00,59
2022-08-04 10:58:00,62
2022-08-04 10:59:00,61
2022-08-04 11:00:00,63
2022-08-04 11:01:00,63
2022-08-04 11:02:00,61
2022-08-04 11:03:00,59
2022-08-04 11:24:00,59
2022-08-04 11:25:00,64
2022-08-04 11:26:00,61
2022-08-04 11:27:00,63
2022-08-04 11:28:00,58
2022-08-04 11:29:00,63
2022-08-04 11:30:00,59
2022-08-04 11:31:00,61
2022-08-04 11:32:00,64
2022-08-04 11:33:00,63
2022-08-04 11:54:00,61
2022-08-04 11:55:00,59
2022-08-04 11:56:00,61
2022-08-04 11:57:00,60
2022-08-04 11:58:00,60
2022-08-04 11:59:00,67
2022-08-04 12:00:00,64
2022-08-04 12:01:00,65
2022-08-04 12:02:00,63
2022-08-04 12:03:00,61
2022-08-04 13:04:00,65
2022-08-04 13:05:00,60
2022-08-04 13:06:00,64
2022-08-04 13:07:00,62
2022-08-04 13:08:00,60
2022-08-04 13:09:00,62
2022-08-04 13:11:00,60
2022-08-04 13:12:00,63
2022-08-04 13:13:00,63
2022-08-04 13:14:00,64
2022-08-04 13:15:00,62
2022-08-04 13:16:00,66
2022-08-04 13:17:00,61
2022-08-04 13:18:00,66
2022-08-04 13:19:00,62
2022-08-04 13:20:00,63
2022-08-04 13:21:00,64
2022-08-04 13:22:00,62
2022-08-04 13:23:00,61
2022-08-04 14:15:00,59
2022-08-04 14:16:00,60
2022-08-04 14:17:00,59
2022-08-04 14:18:00,62
2022-08-04 14:19:00,66
2022-08-04 14:20:00,65
2022-08-04 14:21:00,63
2022-08-04 14:22:00,68
2022-08-04 14:23:00,64
2022-08-04 14:24:00,64
2022-08-04 15:25:00,64
2022-08-04 15:26:00,67
2022-08-04 15:27:00,70
2022-08-04 15:28:00,65
2022-08-04 15:29:00,61
2022-08-04 15:30:00,60
2022-08-04 15:31:00,64
2022-08-04 15:32:00,70
2022-08-04 15:33:00,64
2022-08-04 15:44:00,64
2022-08-04 15:45:00,61
2022-08-04 15:46:00,64
2022-08-04 15:47:00,63
2022-08-04 15:48:00,64
2022-08-04 15:49:00,58
2022-08-04 15:50:00,63
2022-08-04 15:51:00,62
2022-08-04 15:52:00,64
2022-08-04 15:53:00,64
2022-08-04 15:54:00,62
2022-08-04 15:55:00,60
2022-08-04 15:56:00,60
2022-08-04 15:57:00,63
2022-08-04 15:58:00,65
2022-08-04 15:59:00,65
2022-08-04 16:00:00,62
2022-08-04 16:01:00,61
2022-08-04 16:02:00,57
2022-08-04 16:03:00,62
2022-08-04 18:44:00,59
2022-08-04 18:45:00,63
2022-08-04 18:46:00,69
2022-08-04 18:47:00,65
2022-08-04 18:48:00,61
2022-08-04 18:49:00,62
2022-08-04 18:50:00,57
2022-08-04 18:51:00,66
2022-08-04 18:52:00,62
2022-08-04 18:53:00,63
2022-08-04 19:04:00,62
2022-08-04 19:05:00,60
2022-08-04 19:06:00,60
2022-08-04 19:07:00,65
2022-08-04 19:08:00,60
2022-08-04 19:09:00,57
2022-08-04 19:11:00,60
2022-08-04 19:12:00,62
2022-08-04 19:13:00,62
2022-08-04 19:14:00,61
2022-08-04 19:15:00,66
2022-08-04 19:16:00,61
2022-08-04 19:17:00,60
2022-08-04 19:18:00,72
2022-08-04 19:19:00,63
2022-08-04 19:20:00,67
2022-08-04 19:21:00,63
2022-08-04 19:22:00,61
2022-08-04 19:23:00,59
2022-08-04 19:24:00,61
2022-08-04 21:25:00,58
2022-08-04 21:26:00,60
2022-08-04 21:27:00,65
2022-08-04 21:28:00,68
2022-08-04 21:29:00,56
2022-08-04 21:30:00,58
2022-08-04 21:31:00,59
2022-08-04 21:32:00,58
2022-08-04 21:33:00,54
2022-08-04 21:44:00,54
2022-08-04 21:45:00,55
2022-08-04 21:46:00,59
2022-08-04 21:47:00,58
2022-08-04 21:48:00,57
2022-08-04 21:49:00,54
2022-08-04 21:50:00,57
2022-08-04 21:51:00,60
2022-08-04 21:52:00,57
2022-08-04 21:53:00,62
2022-08-04 21:54:00,58
2022-08-04 21:55:00,58
2022-08-04 21:56:00,58
2022-08-04 21:57:00,59
2022-08-04 21:58:00,58
2022-08-04 21:59:00,60
2022-08-04 22:00:00,54
2022-08-04 22:01:00,60
2022-08-04 22:02:00,58
2022-08-04 22:03:00,60
2022-08-04 22:44:00,57
2022-08-04 22:45:00,54
2022-08-04 22:46:00,57
2022-08-04 22:47:00,56
2022-08-04 22:48:00,55
2022-08-04 22:49:00,59
2022-08-04 22:50:00,61
2022-08-04 22:51:00,55
2022-08-04 22:52:00,56
2022-08-04 22:53:00,59
2022-08-04 23:25:00,62
2022-08-04 23:26:00,54
2022-08-04 23:27:00,59
2022-08-04 23:28:00,58
2022-08-04 23:29:00,60
2022-08-04 23:30:00,66
2022-08-04 23:31:00,61
2022-08-04 23:32:00,55
2022-08-04 23:33:00,55
2022-08-05 02:09:00,56
2022-08-05 02:10:00,57
2022-08-05 02:11:00,57
2022-08-05 02:12:00,54
2022-08-05 02:13:00,58
2022-08-05 02:14:00,54
2022-08-05 02:15:00,57
2022-08-05 02:16:00,58
2022-08-05 02:17:00,53
2022-08-05 02:18:00,54
2022-08-05 02:29:00,54
2022-08-05 02:30:00,54
2022-08-05 02:31:00,58
2022-08-05 02:32:00,53
2022-08-05 02:33:00,57
2022-08-05 02:34:00,57
2022-08-05 02:35:00,52
2022-08-05 02:36:00,53
2022-08-05 02:37:00,50
2022-08-05 02:38:00,54
2022-08-05 02:58:00,53
2022-08-05 02:59:00,51
2022-08-05 03:00:00,53
2022-08-05 03:01:00,52
2022-08-05 03:03:00,51
2022-08-05 03:04:00,52
2022-08-05 03:06:00,51
2022-08-05 03:07:00,51
2022-08-05 03:08:00,53
2022-08-05 03:08:00,54
2022-08-05 03:10:00,54
2022-08-05 03:11:00,53
2022-08-05 03:11:00,55
2022-08-05 03:13:00,52
2022-08-05 03:13:00,55
2022-08-05 03:15:00,53
2022-08-05 03:16:00,52
2022-08-05 03:18:00,53
2022-08-05 03:29:00,55
2022-08-05 03:30:00,56
2022-08-05 03:31:00,54
2022-08-05 03:32:00,53
2022-08-05 03:33:00,53
2022-08-05 03:34:00,53
2022-08-05 03:35:00,51
2022-08-05 03:36:00,52
2022-08-05 03:37:00,53
2022-08-05 03:38:00,51
2022-08-05 03:39:00,54
2022-08-05 03:40:00,53
2022-08-05 03:41:00,55
2022-08-05 03:42:00,56
2022-08-05 03:43:00,53
2022-08-05 03:44:00,54
2022-08-05 03:45:00,53
2022-08-05 03:46:00,52
2022-08-05 03:47:00,56
2022-08-05 03:48:00,52
2022-08-05 03:49:00,55
2022-08-05 03:50:00,51
2022-08-05 03:51:00,52
2022-08-05 03:52:00,50
2022-08-05 03:53:00,53
2022-08-05 03:54:00,56
2022-08-05 03:55:00,53
2022-08-05 03:56:00,56
2022-08-05 03:57:00,52
2022-08-05 07:09:00,57
2022-08-05 07:10:00,55
2022-08-05 07:11:00,59
2022-08-05 07:12:00,55
2022-08-05 07:13:00,58
2022-08-05 07:14:00,53
2022-08-05 07:15:00,56
2022-08-05 07:16:00,57
2022-08-05 07:17:00,57
2022-08-05 07:18:00,57
2022-08-05 07:19:00,55
2022-08-05 07:20:00,55
2022-08-05 07:21:00,56
2022-08-05 07:22:00,58
2022-08-05 07:23:00,61
2022-08-05 07:24:00,57
2022-08-05 07:25:00,56
2022-08-05 07:26:00,60
2022-08-05 07:27:00,61
2022-08-05 07:28:00,59
2022-08-05 07:39:00,61
2022-08-05 07:40:00,61
2022-08-05 07:41:00,65
2022-08-05 07:42:00,60
2022-08-05 07:43:00,57
2022-08-05 07:44:00,53
2022-08-05 07:45:00,58
2022-08-05 07:46:00,61
2022-08-05 07:47:00,60
2022-08-05 07:48:00,60
2022-08-05 07:49:00,58
2022-08-05 07:50:00,56
2022-08-05 07:51:00,55
2022-08-05 07:52:00,58
2022-08-05 07:53:00,61
2022-08-05 07:54:00,64
2022-08-05 07:55:00,59
2022-08-05 07:56:00,57
2022-08-05 07:57:00,56
2022-08-05 07:58:00,58
2022-08-05 07:59:00,59
2022-08-05 08:00:00,61
2022-08-05 08:02:00,58
2022-08-05 08:03:00,58
2022-08-05 08:04:00,58
2022-08-05 08:05:00,59
2022-08-05 08:06:00,59
2022-08-05 08:07:00,62
2022-08-05 08:08:00,61
2022-08-05 11:49:00,62
2022-08-05 11:50:00,58
2022-08-05 11:51:00,59
2022-08-05 11:52:00,59
2022-08-05 11:53:00,60
2022-08-05 11:54:00,63
2022-08-05 11:55:00,63
2022-08-05 11:56:00,62
2022-08-05 11:57:00,66
2022-08-05 11:58:00,62
2022-08-05 12:19:00,59
2022-08-05 12:20:00,61
2022-08-05 12:21:00,62
2022-08-05 12:22:00,63
2022-08-05 12:23:00,59
2022-08-05 12:24:00,60
2022-08-05 12:25:00,63
2022-08-05 12:26:00,62
2022-08-05 12:27:00,62
2022-08-05 12:28:00,65
2022-08-05 13:00:00,62
2022-08-05 13:01:00,66
2022-08-05 13:02:00,63
2022-08-05 13:03:00,64
2022-08-05 13:04:00,64
2022-08-05 13:05:00,63
2022-08-05 13:06:00,67
2022-08-05 13:07:00,68
2022-08-05 13:08:00,68
2022-08-05 14:09:00,66
2022-08-05 14:10:00,63
2022-08-05 14:11:00,63
2022-08-05 14:12:00,63
2022-08-05 14:13:00,63
2022-08-05 14:14:00,66
2022-08-05 14:15:00,66
2022-08-05 14:16:00,64
2022-08-05 14:17:00,62
2022-08-05 14:18:00,66
2022-08-05 14:29:00,67
2022-08-05 14:30:00,68
2022-08-05 14:31:00,70
2022-08-05 14:32:00,66
2022-08-05 14:33:00,65
2022-08-05 14:34:00,65
2022-08-05 14:35:00,67
2022-08-05 14:36:00,67
2022-08-05 14:37:00,63
2022-08-05 14:38:00,57
2022-08-05 14:39:00,62
2022-08-05 14:40:00,64
2022-08-05 14:41:00,68
2022-08-05 14:42:00,62
2022-08-05 14:43:00,66
2022-08-05 14:44:00,63
2022-08-05 14:45:00,60
2022-08-05 14:46:00,60
2022-08-05 14:47:00,61
2022-08-05 14:48:00,63
2022-08-05 14:49:00,67
2022-08-05 14:50:00,66
2022-08-05 14:51:00,62
2022-08-05 14:52:00,65
2022-08-05 14:53:00,69
2022-08-05 14:54:00,67
2022-08-05 14:55:00,63
2022-08-05 14:57:00,59
2022-08-05 14:58:00,60
2022-08-05 14:59:00,64
2022-08-05 15:00:00,60
2022-08-05 15:01:00,67
2022-08-05 15:02:00,67
2022-08-05 15:03:00,63
2022-08-05 15:04:00,61
2022-08-05 15:05:00,57
2022-08-05 15:06:00,62
2022-08-05 15:07:00,65
2022-08-05 15:08:00,69
2022-08-05 15:29:00,66
2022-08-05 15:30:00,62
2022-08-05 15:31:00,65
2022-08-05 15:32:00,59
2022-08-05 15:33:00,73
2022-08-05 15:34:00,66
2022-08-05 15:35:00,69
2022-08-05 15:36:00,70
2022-08-05 15:37:00,70
2022-08-05 15:38:00,64
2022-08-05 16:09:00,64
2022-08-05 16:10:00,61
2022-08-05 16:11:00,70
2022-08-05 16:12:00,66
2022-08-05 16:13:00,65
2022-08-05 16:14:00,65
2022-08-05 16:15:00,64
2022-08-05 16:16:00,64
2022-08-05 16:17:00,68
2022-08-05 16:18:00,73
2022-08-05 16:19:00,71
2022-08-05 16:20:00,68
2022-08-05 16:21:00,67
2022-08-05 16:22:00,67
2022-08-05 16:23:00,61
2022-08-05 16:24:00,64
2022-08-05 16:25:00,59
2022-08-05 16:26:00,61
2022-08-05 16:27:00,64
2022-08-05 16:28:00,62
2022-08-05 16:39:00,60
2022-08-05 16:40:00,62
2022-08-05 16:41:00,70
2022-08-05 16:42:00,66
2022-08-05 16:43:00,66
2022-08-05 16:44:00,61
2022-08-05 16:45:00,66
2022-08-05 16:46:00,65
2022-08-05 16:47:00,70
2022-08-05 16:48:00,71
2022-08-05 16:59:00,63
2022-08-05 17:01:00,68
2022-08-05 17:02:00,66
2022-08-05 17:03:00,67
2022-08-05 17:04:00,67
2022-08-05 17:05:00,69
2022-08-05 17:06:00,71
2022-08-05 17:07:00,67
2022-08-05 17:08:00,66
2022-08-05 17:29:00,65
2022-08-05 17:30:00,60
2022-08-05 17:31:00,65
2022-08-05 17:32:00,60
2022-08-05 17:33:00,67
2022-08-05 17:34:00,65
2022-08-05 17:35:00,64
2022-08-05 17:36:00,66
2022-08-05 17:37:00,63
2022-08-05 17:38:00,69
2022-08-05 17:39:00,66
2022-08-05 17:40:00,67
2022-08-05 17:41:00,68
2022-08-05 17:42:00,63
2022-08-05 17:43:00,65
2022-08-05 17:44:00,65
2022-08-05 17:45:00,62
2022-08-05 17:46:00,64
2022-08-05 17:47:00,62
2022-08-05 17:48:00,63
2022-08-05 20:10:00,54
2022-08-05 20:11:00,57
2022-08-05 20:12:00,57
2022-08-05 20:13:00,56
2022-08-05 20:14:00,60
2022-08-05 20:15:00,62
2022-08-05 20:16:00,59
2022-08-05 20:17:00,62
2022-08-05 20:18:00,60
2022-08-05 20:19:00,56
2022-08-05 20:20:00,64
2022-08-05 20:21:00,61
2022-08-05 20:22:00,63
2022-08-05 20:23:00,62
2022-08-05 20:24:00,60
2022-08-05 20:25:00,55
2022-08-05 20:26:00,60
2022-08-05 20:27:00,58
2022-08-05 20:28:00,63
2022-08-05 20:29:00,62
2022-08-05 20:30:00,57
2022-08-05 20:31:00,57
2022-08-05 20:32:00,58
2022-08-05 20:33:00,62
2022-08-05 20:34:00,61
2022-08-05 20:35:00,64
2022-08-05 20:36:00,60
2022-08-05 20:37:00,59
2022-08-05 20:38:00,57
2022-08-05 20:39:00,59
2022-08-05 20:40:00,58
2022-08-05 20:41:00,60
2022-08-05 20:42:00,61
2022-08-05 20:43:00,60
2022-08-05 20:44:00,55
2022-08-05 20:45:00,61
2022-08-05 20:46:00,58
2022-08-05 20:47:00,58
2022-08-05 20:48:00,62
2022-08-05 21:00:00,62
2022-08-05 21:01:00,61
2022-08-05 21:02:00,56
2022-08-05 21:03:00,59
2022-08-05 21:04:00,55
2022-08-05 21:05:00,53
2022-08-05 21:06:00,54
2022-08-05 21:07:00,59
2022-08-05 21:08:00,58
2022-08-05 21:09:00,62
2022-08-05 21:10:00,58
2022-08-05 21:11:00,57
2022-08-05 21:12:00,53
2022-08-05 21:13:00,55
2022-08-05 21:14:00,58
2022-08-05 21:15:00,62
2022-08-05 21:16:00,60
2022-08-05 21:17:00,58
2022-08-05 21:18:00,55
2022-08-05 21:49:00,63
2022-08-05 21:50:00,66
2022-08-05 21:51:00,53
2022-08-05 21:52:00,55
2022-08-05 21:53:00,54
2022-08-05 21:54:00,55
2022-08-05 21:55:00,59
2022-08-05 21:56:00,56
2022-08-05 21:58:00,56
2022-08-05 21:59:00,57
2022-08-05 22:00:00,58
2022-08-05 22:01:00,58
2022-08-05 22:02:00,55
2022-08-05 22:03:00,54
2022-08-05 22:04:00,57
2022-08-05 22:05:00,57
2022-08-05 22:06:00,60
2022-08-05 22:07:00,57
2022-08-05 22:08:00,62
2022-08-05 22:09:00,53
2022-08-05 22:10:00,55
2022-08-05 22:11:00,59
2022-08-05 22:12:00,58
2022-08-05 22:13:00,61
2022-08-05 22:14:00,56
2022-08-05 22:15:00,56
2022-08-05 22:16:00,56
2022-08-05 22:17:00,56
2022-08-05 22:18:00,58
2022-08-05 22:19:00,59
2022-08-05 22:20:00,57
2022-08-05 22:21:00,55
2022-08-05 22:22:00,55
2022-08-05 22:23:00,55
2022-08-05 22:24:00,57
2022-08-05 22:25:00,56
2022-08-05 22:26:00,57
2022-08-05 22:27:00,56
2022-08-05 22:28:00,57
2022-08-05 22:29:00,55
2022-08-05 22:30:00,54
2022-08-05 22:31:00,58
2022-08-05 22:32:00,58
2022-08-05 22:33:00,57
2022-08-05 22:34:00,57
2022-08-05 22:35:00,56
2022-08-05 22:36:00,54
2022-08-05 22:37:00,58
2022-08-05 22:38:00,59
2022-08-06 00:19:00,55
2022-08-06 00:20:00,56
2022-08-06 00:21:00,60
2022-08-06 00:22:00,58
2022-08-06 00:23:00,54
2022-08-06 00:24:00,59
2022-08-06 00:25:00,56
2022-08-06 00:26:00,56
2022-08-06 00:27:00,57
2022-08-06 00:28:00,56
2022-08-06 00:29:00,56
2022-08-06 00:30:00,58
2022-08-06 00:31:00,55
2022-08-06 00:32:00,59
2022-08-06 00:33:00,56
2022-08-06 00:34:00,56
2022-08-06 00:35:00,57
2022-08-06 00:36:00,55
2022-08-06 00:37:00,55
2022-08-06 00:38:00,52
2022-08-06 01:10:00,57
2022-08-06 01:11:00,53
2022-08-06 01:12:00,53
2022-08-06 01:13:00,58
2022-08-06 01:14:00,59
2022-08-06 01:15:00,57
2022-08-06 01:16:00,56
2022-08-06 01:17:00,53
2022-08-06 01:18:00,56
2022-08-06 01:19:00,54
2022-08-06 01:20:00,54
2022-08-06 01:21:00,57
2022-08-06 01:22:00,55
2022-08-06 01:23:00,54
2022-08-06 01:24:00,55
2022-08-06 01:25:00,57
2022-08-06 01:26:00,53
2022-08-06 01:27:00,56
2022-08-06 01:28:00,58
2022-08-06 01:39:00,53
2022-08-06 01:40:00,56
2022-08-06 01:41:00,57
2022-08-06 01:42:00,54
2022-08-06 01:43:00,52
2022-08-06 01:44:00,52
2022-08-06 01:45:00,53
2022-08-06 01:46:00,53
2022-08-06 01:47:00,53
2022-08-06 01:48:00,55
2022-08-06 01:59:00,55
2022-08-06 02:00:00,54
2022-08-06 02:01:00,50
2022-08-06 02:02:00,51
2022-08-06 02:03:00,55
2022-08-06 02:04:00,56
2022-08-06 02:05:00,54
2022-08-06 02:06:00,56
2022-08-06 02:08:00,58
2022-08-06 02:09:00,56
2022-08-06 02:49:00,50
2022-08-06 02:50:00,54
2022-08-06 02:51:00,54
2022-08-06 02:52:00,55
2022-08-06 02:53:00,65
2022-08-06 02:54:00,54
2022-08-06 02:55:00,50
2022-08-06 02:56:00,51
2022-08-06 02:57:00,54
2022-08-06 02:58:00,50
2022-08-06 02:59:00,57
2022-08-06 03:00:00,56
2022-08-06 03:01:00,60
2022-08-06 03:02:00,52
2022-08-06 03:03:00,54
2022-08-06 03:04:00,53
2022-08-06 03:05:00,55
2022-08-06 03:07:00,57
2022-08-06 03:08:00,52
2022-08-06 03:09:00,55
2022-08-06 06:20:00,59
2022-08-06 06:21:00,58
2022-08-06 06:22:00,55
2022-08-06 06:23:00,55
2022-08-06 06:24:00,60
2022-08-06 06:25:00,61
2022-08-06 06:26:00,58
2022-08-06 06:27:00,56
2022-08-06 06:28:00,56
2022-08-06 06:39:00,59
2022-08-06 06:40:00,64
2022-08-06 06:41:00,58
2022-08-06 06:42:00,57
2022-08-06 06:43:00,57
2022-08-06 06:44:00,59
2022-08-06 06:45:00,56
2022-08-06 06:46:00,60
2022-08-06 06:47:00,59
2022-08-06 06:48:00,63
2022-08-06 06:49:00,61
2022-08-06 06:50:00,56
2022-08-06 06:51:00,58
2022-08-06 06:52:00,59
2022-08-06 06:53:00,53
2022-08-06 06:55:00,57
2022-08-06 06:55:00,62
2022-08-06 06:57:00,55
2022-08-06 06:57:00,63
2022-08-06 06:58:00,63
2022-08-06 06:59:00,57
2022-08-06 07:00:00,55
2022-08-06 07:01:00,56
2022-08-06 07:02:00,56
2022-08-06 07:04:00,59
2022-08-06 07:05:00,59
2022-08-06 07:06:00,56
2022-08-06 07:07:00,58
2022-08-06 07:08:00,60
2022-08-06 07:09:00,55
2022-08-06 07:29:00,59
2022-08-06 07:30:00,62
2022-08-06 07:31:00,54
2022-08-06 07:32:00,53
2022-08-06 07:33:00,54
2022-08-06 07:34:00,55
2022-08-06 07:35:00,52
2022-08-06 07:36:00,52
2022-08-06 07:37:00,52
2022-08-06 07:38:00,54
2022-08-06 07:49:00,55
2022-08-06 07:50:00,54
2022-08-06 07:51:00,57
2022-08-06 07:52:00,53
2022-08-06 07:53:00,55
2022-08-06 07:54:00,53
2022-08-06 07:55:00,60
2022-08-06 07:56:00,62
2022-08-06 07:57:00,56
2022-08-06 07:59:00,60
2022-08-06 08:29:00,61
2022-08-06 08:30:00,63
2022-08-06 08:31:00,65
2022-08-06 08:32:00,60
2022-08-06 08:33:00,61
2022-08-06 08:34:00,65
2022-08-06 08:35:00,62
2022-08-06 08:36:00,56
2022-08-06 08:37:00,56
2022-08-06 08:38:00,54
2022-08-06 08:39:00,56
2022-08-06 08:40:00,56
2022-08-06 08:41:00,55
2022-08-06 08:42:00,62
2022-08-06 08:43:00,58
2022-08-06 08:44:00,56
2022-08-06 08:45:00,58
2022-08-06 08:46:00,56
2022-08-06 08:47:00,64
2022-08-06 08:48:00,64
2022-08-06 08:49:00,61
2022-08-06 08:50:00,57
2022-08-06 08:51:00,55
2022-08-06 08:52:00,54
2022-08-06 08:53:00,64
2022-08-06 08:54:00,61
2022-08-06 08:55:00,62
2022-08-06 08:56:00,57
2022-08-06 08:57:00,64
2022-08-06 08:58:00,61
2022-08-06 09:10:00,56
2022-08-06 09:11:00,56
2022-08-06 09:12:00,57
2022-08-06 09:13:00,59
2022-08-06 09:14:00,57
2022-08-06 09:15:00,63
2022-08-06 09:16:00,62
2022-08-06 09:17:00,60
2022-08-06 09:18:00,55
2022-08-06 09:19:00,56
2022-08-06 09:29:00,61
2022-08-06 09:30:00,63
2022-08-06 09:31:00,59
2022-08-06 09:32:00,57
2022-08-06 09:33:00,58
2022-08-06 09:34:00,61
2022-08-06 09:35:00,62
2022-08-06 09:36:00,61
2022-08-06 09:37:00,58
2022-08-06 09:38:00,58
2022-08-06 09:39:00,55
2022-08-06 09:40:00,60
2022-08-06 09:41:00,60
2022-08-06 09:42:00,64
2022-08-06 09:43:00,59
2022-08-06 09:44:00,58
2022-08-06 09:45:00,62
2022-08-06 09:46:00,56
2022-08-06 09:47:00,62
2022-08-06 09:48:00,66
2022-08-06 09:59:00,62
2022-08-06 10:00:00,64
2022-08-06 10:02:00,66
2022-08-06 10:03:00,62
2022-08-06 10:04:00,61
2022-08-06 10:05:00,70
2022-08-06 10:06:00,60
2022-08-06 10:07:00,59
2022-08-06 10:08:00,65
2022-08-06 10:09:00,62
2022-08-06 10:59:00,59
2022-08-06 11:01:00,61
2022-08-06 11:02:00,67
2022-08-06 11:03:00,61
2022-08-06 11:04:00,66
2022-08-06 11:05:00,59
2022-08-06 11:06:00,59
2022-08-06 11:07:00,60
2022-08-06 11:08:00,67
2022-08-06 11:09:00,64
2022-08-06 11:29:00,66
2022-08-06 11:30:00,67
2022-08-06 11:31:00,62
2022-08-06 11:32:00,61
2022-08-06 11:33:00,60
2022-08-06 11:34:00,63
2022-08-06 11:35:00,66
2022-08-06 11:36:00,66
2022-08-06 11:37:00,60
2022-08-06 11:38:00,59
2022-08-06 11:39:00,63
2022-08-06 11:40:00,58
2022-08-06 11:41:00,66
2022-08-06 11:42:00,64
2022-08-06 11:43:00,61
2022-08-06 11:44:00,60
2022-08-06 11:45:00,65
2022-08-06 11:46:00,62
2022-08-06 11:47:00,64
2022-08-06 11:48:00,67
2022-08-06 15:10:00,62
2022-08-06 15:11:00,60
2022-08-06 15:12:00,57
2022-08-06 15:13:00,58
2022-08-06 15:14:00,64
2022-08-06 15:15:00,63
2022-08-06 15:16:00,64
2022-08-06 15:17:00,62
2022-08-06 15:18:00,72
2022-08-06 15:19:00,61
2022-08-06 17:20:00,60
2022-08-06 17:21:00,63
2022-08-06 17:22:00,67
2022-08-06 17:23:00,62
2022-08-06 17:24:00,62
2022-08-06 17:25:00,58
2022-08-06 17:26:00,58
2022-08-06 17:27:00,68
2022-08-06 17:28:00,61
2022-08-06 17:29:00,68
2022-08-06 17:50:00,72
2022-08-06 17:51:00,64
2022-08-06 17:52:00,64
2022-08-06 17:53:00,61
2022-08-06 17:54:00,70
2022-08-06 17:55:00,66
2022-08-06 17:56:00,69
2022-08-06 17:57:00,68
2022-08-06 17:58:00,67
2022-08-06 17:59:00,68
2022-08-06 18:00:00,63
2022-08-06 18:01:00,61
2022-08-06 18:02:00,68
2022-08-06 18:03:00,61
2022-08-06 18:04:00,58
2022-08-06 18:05:00,58
2022-08-06 18:06:00,58
2022-08-06 18:07:00,63
2022-08-06 18:08:00,73
2022-08-06 18:09:00,64
2022-08-06 21:10:00,59
2022-08-06 21:11:00,55
2022-08-06 21:12:00,52
2022-08-06 21:13:00,56
2022-08-06 21:14:00,57
2022-08-06 21:15:00,56
2022-08-06 21:16:00,59
2022-08-06 21:17:00,64
2022-08-06 21:18:00,55
2022-08-06 21:19:00,52
2022-08-06 21:20:00,58
2022-08-06 21:21:00,56
2022-08-06 21:22:00,61
2022-08-06 21:23:00,58
2022-08-06 21:24:00,67
2022-08-06 21:25:00,62
2022-08-06 21:26:00,60
2022-08-06 21:27:00,55
2022-08-06 21:28:00,56
2022-08-06 21:29:00,57
2022-08-06 21:30:00,62
2022-08-06 21:31:00,56
2022-08-06 21:32:00,54
2022-08-06 21:33:00,57
2022-08-06 21:34:00,56
2022-08-06 21:35:00,59
2022-08-06 21:36:00,58
2022-08-06 21:37:00,56
2022-08-06 21:38:00,60
2022-08-06 21:50:00,58
2022-08-06 21:51:00,60
2022-08-06 21:52:00,55
2022-08-06 21:53:00,57
2022-08-06 21:54:00,58
2022-08-06 21:55:00,59
2022-08-06 21:56:00,54
2022-08-06 21:57:00,56
2022-08-06 21:58:00,51
2022-08-06 21:59:00,57
2022-08-06 22:00:00,53
2022-08-06 22:01:00,53
2022-08-06 22:02:00,55
2022-08-06 22:03:00,53
2022-08-06 22:04:00,51
2022-08-06 22:05:00,52
2022-08-06 22:06:00,55
2022-08-06 22:07:00,57
2022-08-06 22:08:00,57
2022-08-06 22:09:00,58
2022-08-06 22:20:00,56
2022-08-06 22:21:00,53
2022-08-06 22:22:00,54
2022-08-06 22:23:00,55
2022-08-06 22:24:00,58
2022-08-06 22:25:00,56
2022-08-06 22:26:00,54
2022-08-06 22:27:00,58
2022-08-06 22:28:00,55
2022-08-06 22:29:00,55
2022-08-06 22:30:00,54
2022-08-06 22:31:00,53
2022-08-06 22:32:00,57
2022-08-06 22:33:00,56
2022-08-06 22:34:00,54
2022-08-06 22:35:00,54
2022-08-06 22:36:00,51
2022-08-06 22:37:00,56
2022-08-06 22:38:00,54
2022-08-06 22:39:00,58
2022-08-06 22:40:00,57
2022-08-06 22:41:00,55
2022-08-06 22:42:00,55
2022-08-06 22:43:00,54
2022-08-06 22:44:00,56
2022-08-06 22:45:00,55
2022-08-06 22:46:00,56
2022-08-06 22:47:00,58
2022-08-06 22:49:00,52
2022-08-06 22:50:00,53
2022-08-06 22:51:00,53
2022-08-06 22:52:00,57
2022-08-06 22:53:00,56
2022-08-06 22:54:00,56
2022-08-06 22:55:00,51
2022-08-06 22:56:00,54
2022-08-06 22:57:00,51
2022-08-06 22:58:00,56
2022-08-06 22:59:00,52
2022-08-06 23:00:00,58
2022-08-06 23:01:00,54
2022-08-06 23:02:00,55
2022-08-06 23:03:00,53
2022-08-06 23:04:00,54
2022-08-06 23:05:00,57
2022-08-06 23:06:00,58
2022-08-06 23:07:00,56
2022-08-06 23:08:00,55
2022-08-06 23:09:00,54
2022-08-07 00:20:00,54
2022-08-07 00:21:00,56
2022-08-07 00:22:00,58
2022-08-07 00:23:00,56
2022-08-07 00:24:00,50
2022-08-07 00:25:00,53
2022-08-07 00:26:00,51
2022-08-07 00:27:00,53
2022-08-07 00:28:00,57
2022-08-07 00:29:00,54
2022-08-07 00:40:00,50
2022-08-07 00:41:00,50
2022-08-07 00:43:00,52
2022-08-07 00:44:00,52
2022-08-07 00:45:00,50
2022-08-07 00:46:00,51
2022-08-07 00:47:00,49
2022-08-07 00:47:00,51
2022-08-07 00:48:00,54
2022-08-07 01:20:00,51
2022-08-07 01:21:00,52
2022-08-07 01:22:00,53
2022-08-07 01:23:00,53
2022-08-07 01:24:00,55
2022-08-07 01:25:00,52
2022-08-07 01:26:00,51
2022-08-07 01:27:00,51
2022-08-07 01:28:00,53
2022-08-07 01:29:00,49
2022-08-07 01:30:00,52
2022-08-07 01:31:00,51
2022-08-07 01:32:00,50
2022-08-07 01:33:00,52
2022-08-07 01:34:00,50
2022-08-07 01:35:00,50
2022-08-07 01:36:00,52
2022-08-07 01:37:00,51
2022-08-07 01:38:00,52
2022-08-07 01:39:00,50
2022-08-07 02:15:00,57
2022-08-07 03:14:00,54
2022-08-07 03:15:00,50
2022-08-07 03:16:00,54
2022-08-07 03:17:00,50
2022-08-07 03:18:00,49
2022-08-07 03:19:00,50
2022-08-07 03:20:00,53
2022-08-07 03:21:00,52
2022-08-07 03:22:00,52
2022-08-07 03:23:00,49
2022-08-07 03:45:00,54
2022-08-07 03:46:00,55
2022-08-07 03:47:00,51
2022-08-07 03:48:00,52
2022-08-07 03:49:00,51
2022-08-07 03:50:00,55
2022-08-07 03:51:00,51
2022-08-07 03:52:00,52
2022-08-07 03:53:00,52
2022-08-07 03:54:00,49
2022-08-07 04:04:00,51
2022-08-07 04:05:00,53
2022-08-07 04:06:00,50
2022-08-07 04:07:00,50
2022-08-07 04:08:00,53
2022-08-07 04:09:00,52
2022-08-07 04:10:00,54
2022-08-07 04:11:00,53
2022-08-07 04:12:00,52
2022-08-07 04:13:00,51
2022-08-07 04:14:00,54
2022-08-07 04:15:00,53
2022-08-07 04:16:00,53
2022-08-07 04:17:00,50
2022-08-07 04:18:00,50
2022-08-07 04:19:00,52
2022-08-07 04:20:00,51
2022-08-07 04:21:00,50
2022-08-07 04:22:00,50
2022-08-07 04:24:00,50
2022-08-07 04:25:00,54
2022-08-07 04:26:00,51
2022-08-07 04:27:00,50
2022-08-07 04:27:00,52
2022-08-07 04:29:00,50
2022-08-07 04:30:00,55
2022-08-07 04:31:00,51
2022-08-07 04:32:00,50
2022-08-07 04:32:00,51
2022-08-07 04:34:00,57
2022-08-07 04:45:00,54
2022-08-07 04:46:00,53
2022-08-07 04:47:00,57
2022-08-07 04:48:00,55
2022-08-07 04:49:00,52
2022-08-07 04:50:00,53
2022-08-07 04:51:00,54
2022-08-07 04:52:00,54
2022-08-07 04:53:00,52
2022-08-07 04:54:00,53
2022-08-07 04:55:00,54
2022-08-07 04:56:00,54
2022-08-07 04:57:00,57
2022-08-07 04:58:00,50
2022-08-07 04:59:00,52
2022-08-07 05:00:00,54
2022-08-07 05:01:00,50
2022-08-07 05:02:00,52
2022-08-07 05:03:00,51
2022-08-07 05:04:00,55
2022-08-07 05:05:00,51
2022-08-07 05:06:00,51
2022-08-07 05:07:00,56
2022-08-07 05:08:00,50
2022-08-07 05:09:00,52
2022-08-07 05:10:00,53
2022-08-07 05:11:00,53
2022-08-07 05:12:00,53
2022-08-07 05:13:00,51
2022-08-07 05:14:00,49
2022-08-07 05:15:00,54
2022-08-07 05:16:00,49
2022-08-07 05:17:00,49
2022-08-07 05:18:00,52
2022-08-07 05:19:00,49
2022-08-07 05:20:00,49
2022-08-07 05:21:00,51
2022-08-07 05:22:00,51
2022-08-07 05:23:00,52
2022-08-07 05:24:00,57
2022-08-07 05:26:00,51
2022-08-07 05:27:00,50
2022-08-07 05:28:00,53
2022-08-07 05:29:00,51
2022-08-07 05:29:00,57
2022-08-07 05:31:00,51
2022-08-07 05:32:00,52
2022-08-07 05:33:00,50
2022-08-07 05:34:00,49
2022-08-07 05:35:00,50
2022-08-07 05:36:00,52
2022-08-07 05:37:00,55
2022-08-07 05:38:00,51
2022-08-07 05:39:00,57
2022-08-07 05:40:00,52
2022-08-07 05:41:00,49
2022-08-07 05:42:00,53
2022-08-07 05:43:00,58
2022-08-07 05:44:00,51
2022-08-07 06:04:00,58
2022-08-07 06:05:00,49
2022-08-07 06:06:00,51
2022-08-07 06:07:00,50
2022-08-07 06:08:00,50
2022-08-07 06:09:00,54
2022-08-07 06:10:00,50
2022-08-07 06:11:00,52
2022-08-07 06:12:00,55
2022-08-07 06:13:00,51
2022-08-07 07:35:00,49
2022-08-07 07:36:00,52
2022-08-07 07:37:00,52
2022-08-07 07:38:00,53
2022-08-07 07:39:00,51
2022-08-07 07:40:00,52
2022-08-07 07:41:00,51
2022-08-07 07:42:00,51
2022-08-07 07:43:00,54
2022-08-07 07:44:00,53
2022-08-07 07:55:00,51
2022-08-07 07:56:00,52
2022-08-07 07:57:00,51
2022-08-07 07:58:00,54
2022-08-07 07:59:00,50
2022-08-07 08:00:00,50
2022-08-07 08:01:00,51
2022-08-07 08:02:00,50
2022-08-07 08:03:00,61
2022-08-07 08:04:00,52
2022-08-07 08:05:00,52
2022-08-07 08:06:00,52
2022-08-07 08:07:00,56
2022-08-07 08:08:00,55
2022-08-07 08:09:00,51
2022-08-07 08:10:00,57
2022-08-07 08:11:00,53
2022-08-07 08:12:00,53
2022-08-07 08:13:00,52
2022-08-07 09:25:00,60
2022-08-07 09:26:00,55
2022-08-07 09:27:00,53
2022-08-07 09:28:00,52
2022-08-07 09:28:00,53
2022-08-07 09:29:00,55
2022-08-07 09:30:00,55
2022-08-07 09:32:00,54
2022-08-07 09:32:00,57
2022-08-07 09:34:00,56
2022-08-07 09:55:00,55
2022-08-07 09:56:00,55
2022-08-07 09:57:00,57
2022-08-07 09:58:00,60
2022-08-07 09:59:00,70
2022-08-07 10:00:00,57
2022-08-07 10:01:00,55
2022-08-07 10:02:00,57
2022-08-07 10:03:00,55
2022-08-07 10:04:00,59
2022-08-07 10:25:00,56
2022-08-07 10:26:00,55
2022-08-07 10:27:00,55
2022-08-07 10:27:00,58
2022-08-07 10:28:00,55
2022-08-07 10:29:00,56
2022-08-07 10:30:00,58
2022-08-07 10:32:00,60
2022-08-07 10:33:00,58
2022-08-07 10:34:00,54
2022-08-07 11:05:00,57
2022-08-07 11:06:00,59
2022-08-07 11:07:00,62
2022-08-07 11:08:00,58
2022-08-07 11:09:00,56
2022-08-07 11:10:00,65
2022-08-07 11:11:00,66
2022-08-07 11:12:00,66
2022-08-07 11:13:00,65
2022-08-07 11:14:00,59
2022-08-07 11:15:00,56
2022-08-07 11:16:00,57
2022-08-07 11:17:00,59
2022-08-07 11:18:00,57
2022-08-07 11:19:00,55
2022-08-07 11:21:00,56
2022-08-07 11:21:00,58
2022-08-07 11:22:00,56
2022-08-07 11:23:00,62
2022-08-07 11:55:00,58
2022-08-07 11:56:00,57
2022-08-07 11:57:00,61
2022-08-07 11:58:00,64
2022-08-07 11:59:00,66
2022-08-07 12:00:00,61
2022-08-07 12:01:00,58
2022-08-07 12:02:00,63
2022-08-07 12:03:00,62
2022-08-07 12:04:00,60
2022-08-07 13:05:00,59
2022-08-07 13:06:00,65
2022-08-07 13:07:00,59
2022-08-07 13:08:00,61
2022-08-07 13:09:00,67
2022-08-07 13:10:00,67
2022-08-07 13:11:00,60
2022-08-07 13:12:00,59
2022-08-07 13:13:00,56
2022-08-07 15:14:00,58
2022-08-07 15:15:00,55
2022-08-07 15:16:00,64
2022-08-07 15:17:00,62
2022-08-07 15:18:00,60
2022-08-07 15:19:00,56
2022-08-07 15:20:00,56
2022-08-07 15:21:00,60
2022-08-07 15:22:00,59
2022-08-07 15:23:00,58
2022-08-07 16:34:00,58
2022-08-07 16:35:00,57
2022-08-07 16:36:00,61
2022-08-07 16:37:00,60
2022-08-07 16:38:00,56
2022-08-07 16:39:00,55
2022-08-07 16:40:00,56
2022-08-07 16:41:00,58
2022-08-07 16:42:00,58
2022-08-07 16:43:00,58
2022-08-07 17:34:00,57
2022-08-07 17:35:00,57
2022-08-07 17:36:00,63
2022-08-07 17:37:00,58
2022-08-07 17:38:00,60
2022-08-07 17:39:00,57
2022-08-07 17:40:00,63
2022-08-07 17:41:00,60
2022-08-07 17:42:00,56
2022-08-07 17:43:00,60
2022-08-07 17:44:00,63
2022-08-07 17:45:00,59
2022-08-07 17:46:00,57
2022-08-07 17:47:00,57
2022-08-07 17:49:00,56
2022-08-07 17:50:00,58
2022-08-07 17:51:00,59
2022-08-07 17:52:00,59
2022-08-07 17:53:00,56
2022-08-07 17:53:00,60
2022-08-07 17:55:00,54
2022-08-07 17:55:00,56
2022-08-07 17:57:00,59
2022-08-07 17:58:00,64
2022-08-07 17:59:00,62
2022-08-07 18:00:00,57
2022-08-07 18:01:00,54
2022-08-07 18:02:00,58
2022-08-07 18:03:00,54
2022-08-07 18:04:00,57
2022-08-07 21:24:00,58
2022-08-07 21:25:00,58
2022-08-07 21:26:00,55
2022-08-07 21:27:00,55
2022-08-07 21:28:00,56
2022-08-07 21:29:00,59
2022-08-07 21:30:00,56
2022-08-07 21:31:00,58
2022-08-07 21:32:00,53
2022-08-07 21:33:00,55
2022-08-07 21:34:00,58
2022-08-07 21:35:00,55
2022-08-07 21:36:00,57
2022-08-07 21:37:00,56
2022-08-07 21:38:00,55
2022-08-07 21:39:00,55
2022-08-07 21:40:00,54
2022-08-07 21:41:00,58
2022-08-07 21:42:00,57
2022-08-07 21:43:00,56
2022-08-07 21:54:00,57
2022-08-07 21:55:00,54
2022-08-07 21:56:00,57
2022-08-07 21:57:00,56
2022-08-07 21:58:00,52
2022-08-07 22:00:00,52
2022-08-07 22:00:00,55
2022-08-07 22:02:00,56
2022-08-07 22:03:00,52
2022-08-07 22:04:00,59
2022-08-08 02:15:00,50
2022-08-08 02:16:00,49
2022-08-08 02:17:00,49
2022-08-08 02:18:00,52
2022-08-08 02:19:00,49
2022-08-08 02:20:00,49
2022-08-08 02:21:00,50
2022-08-08 02:22:00,50
2022-08-08 02:23:00,51
2022-08-08 04:05:00,50
2022-08-08 04:06:00,52
2022-08-08 04:07:00,52
2022-08-08 04:08:00,52
2022-08-08 04:09:00,52
2022-08-08 04:10:00,53
2022-08-08 04:11:00,55
2022-08-08 04:12:00,51
2022-08-08 04:13:00,50
2022-08-08 04:14:00,51
2022-08-08 04:34:00,51
2022-08-08 04:35:00,51
2022-08-08 04:37:00,52
2022-08-08 04:37:00,53
2022-08-08 04:39:00,51
2022-08-08 04:39:00,52
2022-08-08 04:40:00,52
2022-08-08 04:42:00,52
2022-08-08 04:42:00,54
2022-08-08 04:44:00,51
2022-08-08 04:44:00,53
2022-08-08 04:45:00,50
2022-08-08 04:47:00,55
2022-08-08 04:48:00,49
2022-08-08 04:48:00,52
2022-08-08 04:50:00,53
2022-08-08 04:52:00,51
2022-08-08 04:52:00,53
2022-08-08 04:54:00,54
2022-08-08 04:55:00,52
2022-08-08 04:56:00,51
2022-08-08 04:57:00,49
2022-08-08 04:57:00,52
2022-08-08 04:59:00,52
2022-08-08 04:59:00,53
2022-08-08 05:01:00,52
2022-08-08 05:02:00,53
2022-08-08 05:04:00,54
2022-08-08 05:05:00,53
2022-08-08 05:06:00,53
2022-08-08 05:07:00,52
2022-08-08 05:08:00,50
2022-08-08 05:09:00,53
2022-08-08 05:10:00,52
2022-08-08 05:11:00,50
2022-08-08 05:12:00,50
2022-08-08 05:13:00,51
2022-08-08 05:14:00,51
2022-08-08 05:15:00,51
2022-08-08 05:16:00,50
2022-08-08 05:17:00,50
2022-08-08 05:18:00,51
2022-08-08 05:19:00,49
2022-08-08 05:20:00,51
2022-08-08 05:21:00,50
2022-08-08 05:22:00,53
2022-08-08 05:23:00,53
2022-08-08 05:24:00,51
2022-08-08 05:35:00,50
2022-08-08 05:36:00,50
2022-08-08 05:37:00,54
2022-08-08 05:38:00,53
2022-08-08 05:39:00,54
2022-08-08 05:40:00,52
2022-08-08 05:41:00,56
2022-08-08 05:42:00,50
2022-08-08 05:43:00,49
2022-08-08 05:43:00,52
2022-08-08 06:05:00,53
2022-08-08 06:06:00,52
2022-08-08 06:07:00,53
2022-08-08 06:08:00,54
2022-08-08 06:09:00,53
2022-08-08 06:10:00,57
2022-08-08 06:11:00,54
2022-08-08 06:12:00,53
2022-08-08 06:13:00,51
2022-08-08 06:14:00,54
2022-08-08 09:05:00,61
2022-08-08 09:06:00,59
2022-08-08 09:07:00,60
2022-08-08 09:08:00,56
2022-08-08 09:09:00,57
2022-08-08 09:10:00,59
2022-08-08 09:11:00,61
2022-08-08 09:12:00,62
2022-08-08 09:13:00,61
2022-08-08 09:14:00,57
2022-08-08 09:15:00,59
2022-08-08 09:16:00,57
2022-08-08 09:17:00,62
2022-08-08 09:18:00,63
2022-08-08 09:19:00,58
2022-08-08 09:20:00,59
2022-08-08 09:21:00,59
2022-08-08 09:22:00,60
2022-08-08 09:23:00,60
2022-08-08 09:24:00,64
2022-08-08 09:25:00,62
2022-08-08 09:26:00,56
2022-08-08 09:27:00,55
2022-08-08 09:28:00,58
2022-08-08 09:29:00,57
2022-08-08 09:31:00,60
2022-08-08 09:32:00,63
2022-08-08 09:33:00,57
2022-08-08 09:34:00,60
2022-08-08 09:35:00,57
2022-08-08 09:36:00,58
2022-08-08 09:37:00,56
2022-08-08 09:38:00,63
2022-08-08 09:39:00,59
2022-08-08 09:40:00,60
2022-08-08 09:41:00,59
2022-08-08 09:42:00,60
2022-08-08 09:43:00,59
2022-08-08 09:44:00,58
2022-08-08 09:45:00,61
2022-08-08 09:46:00,58
2022-08-08 09:47:00,59
2022-08-08 09:48:00,56
2022-08-08 09:49:00,63
2022-08-08 09:50:00,58
2022-08-08 09:51:00,61
2022-08-08 09:52:00,63
2022-08-08 09:53:00,64
2022-08-08 09:54:00,60
2022-08-08 10:05:00,62
2022-08-08 10:06:00,58
2022-08-08 10:07:00,60
2022-08-08 10:08:00,58
2022-08-08 10:09:00,57
2022-08-08 10:10:00,59
2022-08-08 10:11:00,59
2022-08-08 10:12:00,61
2022-08-08 10:13:00,61
2022-08-08 10:14:00,59
2022-08-08 10:25:00,62
2022-08-08 10:26:00,58
2022-08-08 10:27:00,56
2022-08-08 10:29:00,57
2022-08-08 10:30:00,56
2022-08-08 10:31:00,61
2022-08-08 10:32:00,67
2022-08-08 10:33:00,60
2022-08-08 10:34:00,60
2022-08-08 10:45:00,61
2022-08-08 10:46:00,61
2022-08-08 10:47:00,61
2022-08-08 10:48:00,58
2022-08-08 10:49:00,59
2022-08-08 10:50:00,61
2022-08-08 10:51:00,60
2022-08-08 10:52:00,61
2022-08-08 10:53:00,66
2022-08-08 10:54:00,59
2022-08-08 16:05:00,65
2022-08-08 16:06:00,61
2022-08-08 16:07:00,60
2022-08-08 16:08:00,56
2022-08-08 16:09:00,58
2022-08-08 16:10:00,60
2022-08-08 16:11:00,60
2022-08-08 16:12:00,61
2022-08-08 16:13:00,60
2022-08-08 16:14:00,58
2022-08-08 20:26:00,61
2022-08-08 20:27:00,54
2022-08-08 20:28:00,55
2022-08-08 20:29:00,55
2022-08-08 20:30:00,52
2022-08-08 20:31:00,56
2022-08-08 20:32:00,57
2022-08-08 20:33:00,54
2022-08-08 20:34:00,59
2022-08-08 20:35:00,54
2022-08-08 20:55:00,53
2022-08-08 20:56:00,53
2022-08-08 20:57:00,54
2022-08-08 20:58:00,54
2022-08-08 20:59:00,59
2022-08-08 21:00:00,58
2022-08-08 21:01:00,62
2022-08-08 21:02:00,54
2022-08-08 21:03:00,54
2022-08-08 21:04:00,56
2022-08-08 21:05:00,57
2022-08-08 21:06:00,60
2022-08-08 21:07:00,57
2022-08-08 21:08:00,56
2022-08-08 21:09:00,60
2022-08-08 21:10:00,54
2022-08-08 21:11:00,55
2022-08-08 21:12:00,57
2022-08-08 21:13:00,59
2022-08-08 21:14:00,57
2022-08-08 22:36:00,53
2022-08-08 22:37:00,52
2022-08-08 22:38:00,54
2022-08-08 22:39:00,53
2022-08-08 22:40:00,52
2022-08-08 22:41:00,51
2022-08-08 22:42:00,51
2022-08-08 22:43:00,52
2022-08-08 22:44:00,51
2022-08-08 22:55:00,58
2022-08-08 22:56:00,55
2022-08-08 22:57:00,55
2022-08-08 22:58:00,53
2022-08-08 22:59:00,50
2022-08-08 23:00:00,53
2022-08-08 23:01:00,53
2022-08-08 23:02:00,52
2022-08-08 23:03:00,54
2022-08-08 23:04:00,56
2022-08-08 23:26:00,52
2022-08-08 23:27:00,55
2022-08-08 23:28:00,53
2022-08-08 23:29:00,53
2022-08-08 23:30:00,52
2022-08-08 23:31:00,53
2022-08-08 23:32:00,62
2022-08-08 23:33:00,52
2022-08-08 23:34:00,54
2022-08-08 23:35:00,53
2022-08-09 00:05:00,51
2022-08-09 00:06:00,55
2022-08-09 00:07:00,49
2022-08-09 00:08:00,50
2022-08-09 00:09:00,51
2022-08-09 00:10:00,53
2022-08-09 00:11:00,50
2022-08-09 00:12:00,53
2022-08-09 00:13:00,53
2022-08-09 00:14:00,54
2022-08-09 02:19:00,49
2022-08-09 02:21:00,52
2022-08-09 02:22:00,49
2022-08-09 02:23:00,53
2022-08-09 02:24:00,56
2022-08-09 02:26:00,54
2022-08-09 02:27:00,49
2022-08-09 02:27:00,54
2022-08-09 02:29:00,50
2022-08-09 05:00:00,52
2022-08-09 05:01:00,57
2022-08-09 05:03:00,53
2022-08-09 05:04:00,52
2022-08-09 05:05:00,52
2022-08-09 05:06:00,62
2022-08-09 05:07:00,54
2022-08-09 05:08:00,51
2022-08-09 05:09:00,52
2022-08-09 06:50:00,52
2022-08-09 06:51:00,55
2022-08-09 06:52:00,55
2022-08-09 06:53:00,57
2022-08-09 06:54:00,55
2022-08-09 06:55:00,53
2022-08-09 06:56:00,53
2022-08-09 06:57:00,53
2022-08-09 06:58:00,52
2022-08-09 06:59:00,52
2022-08-09 07:00:00,58
2022-08-09 07:01:00,58
2022-08-09 07:02:00,54
2022-08-09 07:03:00,53
2022-08-09 07:05:00,52
2022-08-09 07:06:00,56
2022-08-09 07:07:00,58
2022-08-09 07:08:00,58
2022-08-09 07:09:00,53
2022-08-09 07:10:00,54
2022-08-09 07:11:00,52
2022-08-09 07:12:00,53
2022-08-09 07:13:00,55
2022-08-09 07:14:00,59
2022-08-09 07:15:00,56
2022-08-09 07:16:00,57
2022-08-09 07:17:00,55
2022-08-09 07:18:00,52
2022-08-09 07:19:00,56
2022-08-09 07:50:00,54
2022-08-09 07:51:00,58
2022-08-09 07:52:00,56
2022-08-09 07:53:00,59
2022-08-09 07:54:00,60
2022-08-09 07:55:00,58
2022-08-09 07:56:00,58
2022-08-09 07:57:00,56
2022-08-09 07:58:00,55
2022-08-09 07:59:00,56
2022-08-09 08:00:00,58
2022-08-09 08:01:00,61
2022-08-09 08:02:00,57
2022-08-09 08:03:00,57
2022-08-09 08:04:00,56
2022-08-09 08:06:00,58
2022-08-09 08:07:00,61
2022-08-09 08:08:00,59
2022-08-09 08:09:00,56
2022-08-09 08:10:00,56
2022-08-09 09:20:00,65
2022-08-09 09:21:00,67
2022-08-09 09:22:00,60
2022-08-09 09:23:00,60
2022-08-09 09:24:00,59
2022-08-09 09:25:00,60
2022-08-09 09:26:00,61
2022-08-09 09:27:00,64
2022-08-09 09:28:00,62
2022-08-09 09:29:00,63
2022-08-09 12:11:00,57
2022-08-09 12:12:00,57
2022-08-09 12:13:00,58
2022-08-09 12:14:00,64
2022-08-09 12:15:00,57
2022-08-09 12:16:00,60
2022-08-09 12:17:00,61
2022-08-09 12:18:00,58
2022-08-09 12:19:00,57
2022-08-09 12:20:00,60
2022-08-09 12:21:00,61
2022-08-09 12:22:00,60
2022-08-09 12:23:00,60
2022-08-09 12:24:00,58
2022-08-09 12:25:00,57
2022-08-09 12:26:00,58
2022-08-09 12:27:00,60
2022-08-09 12:28:00,63
2022-08-09 12:29:00,61
2022-08-09 12:30:00,61
2022-08-09 12:31:00,56
2022-08-09 12:32:00,57
2022-08-09 12:33:00,60
2022-08-09 12:34:00,62
2022-08-09 12:35:00,63
2022-08-09 12:36:00,61
2022-08-09 12:37:00,56
2022-08-09 12:38:00,56
2022-08-09 12:39:00,57
2022-08-09 12:40:00,63
2022-08-09 12:41:00,63
2022-08-09 12:42:00,63
2022-08-09 12:43:00,62
2022-08-09 12:44:00,58
2022-08-09 12:45:00,58
2022-08-09 12:46:00,59
2022-08-09 12:47:00,62
2022-08-09 12:48:00,64
2022-08-09 12:49:00,61
2022-08-09 12:50:00,60
2022-08-09 12:51:00,61
2022-08-09 12:52:00,61
2022-08-09 12:53:00,64
2022-08-09 12:54:00,63
2022-08-09 12:55:00,64
2022-08-09 12:56:00,60
2022-08-09 12:57:00,60
2022-08-09 12:58:00,57
2022-08-09 12:59:00,58
2022-08-09 13:00:00,61
2022-08-09 13:01:00,62
2022-08-09 13:02:00,59
2022-08-09 13:03:00,60
2022-08-09 13:04:00,58
2022-08-09 13:05:00,59
2022-08-09 13:06:00,60
2022-08-09 13:07:00,63
2022-08-09 13:08:00,59
2022-08-09 13:10:00,61
2022-08-09 14:11:00,61
2022-08-09 14:12:00,58
2022-08-09 14:13:00,59
2022-08-09 14:14:00,62
2022-08-09 14:15:00,59
2022-08-09 14:16:00,60
2022-08-09 14:17:00,58
2022-08-09 14:18:00,57
2022-08-09 14:19:00,57
2022-08-09 14:20:00,61
2022-08-09 14:21:00,65
2022-08-09 14:22:00,59
2022-08-09 14:23:00,60
2022-08-09 14:24:00,58
2022-08-09 14:25:00,58
2022-08-09 14:26:00,63
2022-08-09 14:27:00,64
2022-08-09 14:28:00,62
2022-08-09 14:29:00,62
2022-08-09 14:30:00,59
2022-08-09 14:31:00,58
2022-08-09 14:32:00,60
2022-08-09 14:33:00,64
2022-08-09 14:34:00,59
2022-08-09 14:35:00,61
2022-08-09 14:36:00,61
2022-08-09 14:37:00,59
2022-08-09 14:38:00,58
2022-08-09 14:39:00,60
2022-08-09 14:50:00,58
2022-08-09 14:51:00,56
2022-08-09 14:52:00,61
2022-08-09 14:53:00,59
2022-08-09 14:54:00,63
2022-08-09 14:55:00,64
2022-08-09 14:56:00,58
2022-08-09 14:58:00,58
2022-08-09 14:59:00,57
2022-08-09 15:00:00,61
2022-08-09 15:01:00,62
2022-08-09 15:02:00,62
2022-08-09 15:03:00,58
2022-08-09 15:04:00,60
2022-08-09 15:05:00,59
2022-08-09 15:06:00,59
2022-08-09 15:07:00,61
2022-08-09 15:08:00,64
2022-08-09 15:09:00,59
2022-08-09 15:10:00,58
2022-08-09 18:21:00,60
2022-08-09 18:22:00,59
2022-08-09 18:23:00,60
2022-08-09 18:24:00,59
2022-08-09 18:25:00,57
2022-08-09 18:26:00,58
2022-08-09 18:27:00,61
2022-08-09 18:28:00,61
2022-08-09 18:29:00,62
2022-08-09 19:01:00,59
2022-08-09 19:02:00,62
2022-08-09 19:03:00,58
2022-08-09 19:04:00,56
2022-08-09 19:05:00,56
2022-08-09 19:06:00,55
2022-08-09 19:07:00,57
2022-08-09 19:08:00,55
2022-08-09 19:09:00,59
2022-08-09 19:10:00,57
2022-08-09 20:21:00,61
2022-08-09 20:22:00,57
2022-08-09 20:23:00,55
2022-08-09 20:24:00,53
2022-08-09 20:25:00,52
2022-08-09 20:26:00,57
2022-08-09 20:27:00,56
2022-08-09 20:28:00,64
2022-08-09 20:29:00,55
2022-08-09 20:30:00,52
2022-08-09 20:31:00,54
2022-08-09 20:32:00,52
2022-08-09 20:33:00,56
2022-08-09 20:34:00,58
2022-08-09 20:35:00,59
2022-08-09 20:36:00,59
2022-08-09 20:37:00,57
2022-08-09 20:38:00,53
2022-08-09 20:39:00,55
2022-08-09 20:50:00,68
2022-08-09 20:51:00,52
2022-08-09 20:52:00,56
2022-08-09 20:53:00,54
2022-08-09 20:55:00,58
2022-08-09 20:56:00,61
2022-08-09 20:57:00,61
2022-08-09 20:58:00,59
2022-08-09 20:59:00,53
2022-08-09 21:00:00,54
2022-08-09 21:11:00,54
2022-08-09 21:12:00,53
2022-08-09 21:13:00,55
2022-08-09 21:14:00,57
2022-08-09 21:15:00,65
2022-08-09 21:16:00,56
2022-08-09 21:17:00,57
2022-08-09 21:18:00,55
2022-08-09 21:19:00,54
2022-08-09 21:20:00,55
2022-08-09 21:40:00,54
2022-08-09 21:41:00,59
2022-08-09 21:42:00,63
2022-08-09 21:43:00,61
2022-08-09 21:44:00,53
2022-08-09 21:45:00,56
2022-08-09 21:46:00,50
2022-08-09 21:47:00,53
2022-08-09 21:48:00,55
2022-08-09 21:49:00,63
2022-08-09 22:01:00,59
2022-08-09 22:02:00,53
2022-08-09 22:03:00,53
2022-08-09 22:04:00,56
2022-08-09 22:05:00,56
2022-08-09 22:06:00,55
2022-08-09 22:07:00,55
2022-08-09 22:08:00,53
2022-08-09 22:09:00,50
2022-08-09 22:10:00,56
2022-08-10 04:00:00,53
2022-08-10 04:02:00,49
2022-08-10 04:03:00,56
2022-08-10 04:04:00,50
2022-08-10 04:05:00,53
2022-08-10 04:06:00,54
2022-08-10 04:07:00,51
2022-08-10 04:08:00,52
2022-08-10 04:09:00,54
2022-08-10 04:10:00,52
2022-08-10 04:21:00,50
2022-08-10 04:22:00,51
2022-08-10 04:23:00,54
2022-08-10 04:24:00,53
2022-08-10 04:25:00,50
2022-08-10 04:26:00,51
2022-08-10 04:27:00,50
2022-08-10 04:28:00,53
2022-08-10 04:29:00,50
2022-08-10 05:00:00,53
2022-08-10 05:01:00,50
2022-08-10 05:03:00,51
2022-08-10 05:04:00,54
2022-08-10 05:05:00,51
2022-08-10 05:06:00,52
2022-08-10 05:07:00,49
2022-08-10 05:08:00,54
2022-08-10 05:09:00,54
2022-08-10 05:10:00,51
2022-08-10 05:50:00,56
2022-08-10 05:51:00,52
2022-08-10 05:53:00,55
2022-08-10 05:54:00,50
2022-08-10 05:55:00,54
2022-08-10 05:56:00,51
2022-08-10 05:56:00,53
2022-08-10 05:58:00,51
2022-08-10 05:59:00,54
2022-08-10 05:59:00,56
2022-08-10 06:00:00,55
2022-08-10 06:01:00,53
2022-08-10 06:03:00,52
2022-08-10 06:03:00,54
2022-08-10 06:05:00,52
2022-08-10 06:06:00,54
2022-08-10 06:07:00,52
2022-08-10 06:08:00,58
2022-08-10 06:09:00,53
2022-08-10 06:10:00,53
2022-08-10 06:11:00,53
2022-08-10 06:12:00,53
2022-08-10 06:13:00,50
2022-08-10 06:14:00,52
2022-08-10 06:15:00,55
2022-08-10 06:16:00,56
2022-08-10 06:17:00,55
2022-08-10 06:18:00,54
2022-08-10 06:19:00,54
2022-08-10 06:20:00,55
2022-08-10 06:31:00,53
2022-08-10 06:32:00,51
2022-08-10 06:33:00,57
2022-08-10 06:34:00,54
2022-08-10 06:35:00,53
2022-08-10 06:36:00,53
2022-08-10 06:37:00,57
2022-08-10 06:38:00,54
2022-08-10 06:39:00,53
2022-08-10 06:51:00,52
2022-08-10 06:51:00,54
2022-08-10 06:52:00,55
2022-08-10 06:53:00,55
2022-08-10 06:54:00,56
2022-08-10 06:56:00,56
2022-08-10 06:56:00,59
2022-08-10 06:57:00,55
2022-08-10 06:58:00,52
2022-08-10 06:59:00,53
2022-08-10 08:11:00,57
2022-08-10 08:12:00,54
2022-08-10 08:13:00,56
2022-08-10 08:14:00,57
2022-08-10 08:15:00,61
2022-08-10 08:16:00,58
2022-08-10 08:17:00,57
2022-08-10 08:18:00,55
2022-08-10 08:19:00,57
2022-08-10 08:20:00,55
2022-08-10 08:21:00,61
2022-08-10 08:22:00,59
2022-08-10 08:23:00,61
2022-08-10 08:24:00,60
2022-08-10 08:25:00,57
2022-08-10 08:26:00,59
2022-08-10 08:27:00,61
2022-08-10 08:28:00,60
2022-08-10 08:29:00,60
2022-08-10 08:30:00,60
2022-08-10 09:31:00,59
2022-08-10 09:32:00,58
2022-08-10 09:33:00,60
2022-08-10 09:34:00,60
2022-08-10 09:35:00,63
2022-08-10 09:36:00,64
2022-08-10 09:37:00,63
2022-08-10 09:38:00,60
2022-08-10 09:39:00,62
2022-08-10 10:51:00,61
2022-08-10 10:52:00,59
2022-08-10 10:53:00,59
2022-08-10 10:54:00,57
2022-08-10 10:55:00,62
2022-08-10 10:56:00,64
2022-08-10 10:57:00,58
2022-08-10 10:58:00,55
2022-08-10 10:59:00,60
2022-08-10 11:00:00,59
2022-08-10 11:01:00,60
2022-08-10 11:02:00,65
2022-08-10 11:03:00,59
2022-08-10 11:04:00,61
2022-08-10 11:05:00,57
2022-08-10 11:06:00,57
2022-08-10 11:07:00,60
2022-08-10 11:08:00,61
2022-08-10 11:09:00,62
2022-08-10 11:10:00,60
2022-08-10 11:31:00,66
2022-08-10 11:32:00,69
2022-08-10 11:33:00,65
2022-08-10 11:34:00,59
2022-08-10 11:35:00,63
2022-08-10 11:36:00,61
2022-08-10 11:37:00,61
2022-08-10 11:38:00,58
2022-08-10 11:39:00,58
2022-08-10 11:40:00,58
2022-08-10 11:41:00,63
2022-08-10 11:42:00,59
2022-08-10 11:43:00,59
2022-08-10 11:44:00,57
2022-08-10 11:45:00,58
2022-08-10 11:46:00,58
2022-08-10 11:47:00,61
2022-08-10 11:48:00,66
2022-08-10 11:50:00,61
2022-08-10 11:51:00,58
2022-08-10 11:52:00,58
2022-08-10 11:53:00,62
2022-08-10 11:54:00,61
2022-08-10 11:55:00,64
2022-08-10 11:56:00,65
2022-08-10 11:57:00,59
2022-08-10 11:58:00,58
2022-08-10 11:59:00,58
2022-08-10 12:00:00,60
2022-08-10 12:01:00,59
2022-08-10 12:02:00,65
2022-08-10 12:03:00,59
2022-08-10 12:04:00,59
2022-08-10 12:05:00,57
2022-08-10 12:06:00,58
2022-08-10 12:07:00,58
2022-08-10 12:08:00,61
2022-08-10 12:09:00,60
2022-08-10 12:10:00,57
2022-08-10 12:11:00,58
2022-08-10 12:12:00,59
2022-08-10 12:13:00,59
2022-08-10 12:14:00,59
2022-08-10 12:15:00,60
2022-08-10 12:16:00,66
2022-08-10 12:17:00,62
2022-08-10 12:18:00,61
2022-08-10 12:19:00,59
2022-08-10 12:20:00,59
2022-08-10 12:31:00,59
2022-08-10 12:32:00,66
2022-08-10 12:33:00,58
2022-08-10 12:34:00,59
2022-08-10 12:35:00,63
2022-08-10 12:36:00,60
2022-08-10 12:37:00,57
2022-08-10 12:38:00,57
2022-08-10 12:39:00,58
2022-08-10 12:51:00,59
2022-08-10 12:52:00,57
2022-08-10 12:53:00,60
2022-08-10 12:54:00,61
2022-08-10 12:55:00,62
2022-08-10 12:56:00,64
2022-08-10 12:57:00,58
2022-08-10 12:58:00,62
2022-08-10 12:59:00,58
2022-08-10 13:00:00,57
2022-08-10 13:11:00,61
2022-08-10 13:12:00,56
2022-08-10 13:13:00,57
2022-08-10 13:14:00,60
2022-08-10 13:15:00,60
2022-08-10 13:16:00,61
2022-08-10 13:17:00,62
2022-08-10 13:18:00,58
2022-08-10 13:19:00,61
2022-08-10 13:20:00,58
2022-08-10 13:21:00,58
2022-08-10 13:22:00,62
2022-08-10 13:23:00,61
2022-08-10 13:24:00,60
2022-08-10 13:25:00,57
2022-08-10 13:26:00,58
2022-08-10 13:27:00,60
2022-08-10 13:28:00,63
2022-08-10 13:29:00,63
2022-08-10 13:30:00,61
2022-08-10 13:51:00,61
2022-08-10 13:52:00,63
2022-08-10 13:53:00,59
2022-08-10 13:54:00,60
2022-08-10 13:55:00,62
2022-08-10 13:56:00,61
2022-08-10 13:57:00,62
2022-08-10 13:58:00,58
2022-08-10 13:59:00,56
2022-08-10 14:00:00,57
2022-08-10 14:01:00,59
2022-08-10 14:02:00,62
2022-08-10 14:03:00,59
2022-08-10 14:04:00,60
2022-08-10 14:05:00,59
2022-08-10 14:06:00,58
2022-08-10 14:07:00,58
2022-08-10 14:08:00,59
2022-08-10 14:09:00,62
2022-08-10 14:10:00,63
2022-08-10 14:11:00,60
2022-08-10 14:12:00,60
2022-08-10 14:13:00,58
2022-08-10 14:14:00,59
2022-08-10 14:15:00,63
2022-08-10 14:16:00,62
2022-08-10 14:17:00,62
2022-08-10 14:18:00,67
2022-08-10 14:19:00,56
2022-08-10 14:20:00,59
2022-08-10 14:21:00,62
2022-08-10 14:22:00,60
2022-08-10 14:23:00,60
2022-08-10 14:24:00,60
2022-08-10 14:25:00,56
2022-08-10 14:26:00,57
2022-08-10 14:27:00,62
2022-08-10 14:28:00,61
2022-08-10 14:29:00,63
2022-08-10 14:30:00,60
2022-08-10 14:31:00,59
2022-08-10 14:32:00,59
2022-08-10 14:33:00,61
2022-08-10 14:34:00,60
2022-08-10 14:35:00,62
2022-08-10 14:36:00,61
2022-08-10 14:37:00,62
2022-08-10 14:38:00,58
2022-08-10 14:39:00,58
2022-08-10 14:40:00,57
2022-08-10 15:01:00,60
2022-08-10 15:02:00,62
2022-08-10 15:03:00,70
2022-08-10 15:04:00,59
2022-08-10 15:05:00,59
2022-08-10 15:06:00,57
2022-08-10 15:07:00,56
2022-08-10 15:08:00,60
2022-08-10 15:09:00,62
2022-08-10 15:10:00,60
2022-08-10 15:21:00,63
2022-08-10 15:22:00,63
2022-08-10 15:23:00,61
2022-08-10 15:24:00,60
2022-08-10 15:25:00,57
2022-08-10 15:26:00,57
2022-08-10 15:27:00,62
2022-08-10 15:28:00,63
2022-08-10 15:29:00,64
2022-08-10 15:30:00,62
2022-08-10 15:41:00,60
2022-08-10 15:42:00,65
2022-08-10 15:43:00,61
2022-08-10 15:44:00,60
2022-08-10 15:45:00,59
2022-08-10 15:46:00,58
2022-08-10 15:48:00,60
2022-08-10 15:49:00,63
2022-08-10 15:50:00,63
2022-08-10 18:11:00,62
2022-08-10 18:12:00,60
2022-08-10 18:13:00,56
2022-08-10 18:14:00,59
2022-08-10 18:15:00,64
2022-08-10 18:16:00,64
2022-08-10 18:17:00,64
2022-08-10 18:18:00,59
2022-08-10 18:19:00,57
2022-08-10 18:20:00,58
2022-08-10 18:31:00,58
2022-08-10 18:32:00,60
2022-08-10 18:33:00,60
2022-08-10 18:34:00,60
2022-08-10 18:35:00,61
2022-08-10 18:36:00,58
2022-08-10 18:37:00,57
2022-08-10 18:38:00,58
2022-08-10 18:39:00,56
2022-08-10 18:40:00,56
2022-08-10 18:41:00,61
2022-08-10 18:42:00,65
2022-08-10 18:43:00,60
2022-08-10 18:44:00,59
2022-08-10 18:45:00,55
2022-08-10 18:47:00,55
2022-08-10 18:48:00,60
2022-08-10 18:49:00,59
2022-08-10 18:50:00,60
2022-08-10 19:11:00,58
2022-08-10 19:12:00,56
2022-08-10 19:13:00,55
2022-08-10 19:14:00,56
2022-08-10 19:15:00,58
2022-08-10 19:16:00,58
2022-08-10 19:17:00,59
2022-08-10 19:18:00,55
2022-08-10 19:19:00,56
2022-08-10 19:20:00,55
2022-08-10 19:21:00,60
2022-08-10 19:22:00,58
2022-08-10 19:23:00,59
2022-08-10 19:24:00,59
2022-08-10 19:25:00,58
2022-08-10 19:26:00,55
2022-08-10 19:27:00,65
2022-08-10 19:28:00,58
2022-08-10 19:29:00,59
2022-08-10 19:30:00,58
2022-08-10 19:31:00,58
2022-08-10 19:32:00,56
2022-08-10 19:33:00,57
2022-08-10 19:34:00,57
2022-08-10 19:35:00,61
2022-08-10 19:36:00,60
2022-08-10 19:37:00,58
2022-08-10 19:38:00,54
2022-08-10 19:39:00,54
2022-08-10 19:40:00,57
2022-08-10 19:41:00,64
2022-08-10 19:42:00,59
2022-08-10 19:43:00,57
2022-08-10 19:44:00,60
2022-08-10 19:46:00,57
2022-08-10 19:47:00,55
2022-08-10 19:48:00,59
2022-08-10 19:49:00,66
2022-08-10 19:50:00,58
2022-08-10 20:01:00,59
2022-08-10 20:02:00,59
2022-08-10 20:03:00,58
2022-08-10 20:04:00,58
2022-08-10 20:05:00,57
2022-08-10 20:06:00,55
2022-08-10 20:07:00,54
2022-08-10 20:08:00,57
2022-08-10 20:09:00,58
2022-08-10 20:10:00,71
2022-08-10 21:01:00,55
2022-08-10 21:02:00,57
2022-08-10 21:03:00,58
2022-08-10 21:04:00,55
2022-08-10 21:05:00,52
2022-08-10 21:06:00,58
2022-08-10 21:07:00,57
2022-08-10 21:08:00,59
2022-08-10 21:09:00,58
2022-08-10 21:10:00,63
2022-08-10 21:31:00,57
2022-08-10 21:32:00,56
2022-08-10 21:33:00,54
2022-08-10 21:34:00,54
2022-08-10 21:35:00,51
2022-08-10 21:36:00,58
2022-08-10 21:37:00,54
2022-08-10 21:38:00,57
2022-08-10 21:39:00,55
2022-08-10 21:40:00,56
2022-08-10 21:41:00,55
2022-08-10 21:42:00,55
2022-08-10 21:44:00,55
2022-08-10 21:45:00,56
2022-08-10 21:46:00,57
2022-08-10 21:47:00,55
2022-08-10 21:48:00,55
2022-08-10 21:49:00,57
2022-08-10 21:50:00,58
2022-08-10 21:51:00,54
2022-08-10 21:52:00,53
2022-08-10 21:53:00,53
2022-08-10 21:54:00,54
2022-08-10 21:55:00,56
2022-08-10 21:56:00,59
2022-08-10 21:57:00,56
2022-08-10 21:58:00,54
2022-08-10 21:59:00,53
2022-08-10 22:00:00,56
2022-08-10 22:01:00,52
2022-08-10 22:02:00,58
2022-08-10 22:03:00,57
2022-08-10 22:04:00,54
2022-08-10 22:05:00,57
2022-08-10 22:06:00,58
2022-08-10 22:07:00,55
2022-08-10 22:08:00,75
2022-08-10 22:09:00,63
2022-08-10 22:10:00,57
2022-08-10 23:31:00,53
2022-08-10 23:32:00,56
2022-08-10 23:33:00,56
2022-08-10 23:34:00,54
2022-08-10 23:35:00,56
2022-08-10 23:36:00,53
2022-08-10 23:37:00,50
2022-08-10 23:38:00,50
2022-08-10 23:39:00,52
2022-08-10 23:40:00,59
2022-08-10 23:51:00,55
2022-08-10 23:52:00,52
2022-08-10 23:53:00,52
2022-08-10 23:54:00,52
2022-08-10 23:55:00,54
2022-08-10 23:56:00,53
2022-08-10 23:57:00,52
2022-08-10 23:58:00,51
2022-08-10 23:59:00,55
2022-08-11 00:00:00,53
2022-08-11 00:01:00,55
2022-08-11 00:02:00,56
2022-08-11 00:03:00,54
2022-08-11 00:04:00,55
2022-08-11 00:05:00,56
2022-08-11 00:06:00,59
2022-08-11 00:07:00,57
2022-08-11 00:08:00,53
2022-08-11 00:09:00,54
2022-08-11 00:10:00,56
2022-08-11 00:31:00,58
2022-08-11 00:32:00,50
2022-08-11 00:33:00,53
2022-08-11 00:34:00,51
2022-08-11 00:35:00,53
2022-08-11 00:36:00,53
2022-08-11 00:37:00,52
2022-08-11 00:38:00,50
2022-08-11 00:39:00,53
2022-08-11 00:40:00,53
2022-08-11 00:41:00,53
2022-08-11 00:42:00,54
2022-08-11 00:43:00,56
2022-08-11 00:44:00,56
2022-08-11 00:45:00,50
2022-08-11 00:46:00,52
2022-08-11 00:47:00,51
2022-08-11 00:49:00,53
2022-08-11 00:50:00,59
2022-08-11 00:51:00,52
2022-08-11 01:11:00,50
2022-08-11 01:12:00,50
2022-08-11 01:13:00,52
2022-08-11 01:14:00,50
2022-08-11 01:15:00,57
2022-08-11 01:16:00,56
2022-08-11 01:17:00,52
2022-08-11 01:18:00,53
2022-08-11 01:19:00,55
2022-08-11 01:20:00,53
2022-08-11 01:21:00,49
2022-08-11 01:22:00,55
2022-08-11 01:23:00,51
2022-08-11 01:24:00,56
2022-08-11 01:25:00,51
2022-08-11 01:26:00,53
2022-08-11 01:27:00,54
2022-08-11 01:28:00,52
2022-08-11 01:29:00,54
2022-08-11 01:30:00,51
2022-08-11 01:41:00,50
2022-08-11 01:42:00,50
2022-08-11 01:43:00,51
2022-08-11 01:44:00,50
2022-08-11 01:45:00,60
2022-08-11 01:46:00,54
2022-08-11 01:48:00,55
2022-08-11 01:49:00,54
2022-08-11 01:50:00,54
2022-08-11 01:51:00,50
2022-08-11 03:06:00,54
2022-08-11 03:07:00,51
2022-08-11 03:08:00,52
2022-08-11 03:09:00,53
2022-08-11 03:10:00,52
2022-08-11 03:11:00,48
2022-08-11 03:12:00,53
2022-08-11 03:13:00,51
2022-08-11 03:14:00,52
2022-08-11 03:15:00,49
2022-08-11 03:16:00,54
2022-08-11 03:17:00,51
2022-08-11 03:18:00,51
2022-08-11 03:19:00,48
2022-08-11 03:20:00,48
2022-08-11 03:21:00,55
2022-08-11 03:22:00,49
2022-08-11 03:23:00,52
2022-08-11 03:24:00,51
2022-08-11 03:25:00,51
2022-08-11 03:26:00,52
2022-08-11 03:27:00,54
2022-08-11 03:28:00,49
2022-08-11 03:29:00,49
2022-08-11 03:30:00,50
2022-08-11 03:31:00,53
2022-08-11 03:32:00,50
2022-08-11 03:33:00,52
2022-08-11 03:34:00,54
2022-08-11 03:35:00,52
2022-08-11 03:37:00,50
2022-08-11 03:38:00,49
2022-08-11 03:39:00,51
2022-08-11 03:40:00,55
2022-08-11 03:41:00,51
2022-08-11 03:42:00,53
2022-08-11 03:43:00,51
2022-08-11 03:44:00,53
2022-08-11 03:45:00,51
2022-08-11 03:56:00,53
2022-08-11 03:57:00,54
2022-08-11 03:58:00,53
2022-08-11 03:59:00,51
2022-08-11 04:00:00,49
2022-08-11 04:01:00,49
2022-08-11 04:02:00,53
2022-08-11 04:03:00,51
2022-08-11 04:04:00,59
2022-08-11 04:05:00,52
2022-08-11 07:15:00,55
2022-08-11 07:16:00,60
2022-08-11 07:17:00,58
2022-08-11 07:18:00,60
2022-08-11 07:19:00,60
2022-08-11 07:20:00,54
2022-08-11 07:21:00,59
2022-08-11 07:22:00,62
2022-08-11 07:23:00,56
2022-08-11 07:24:00,59
2022-08-11 07:25:00,60
2022-08-11 07:26:00,57
2022-08-11 07:27:00,58
2022-08-11 07:28:00,56
2022-08-11 07:29:00,58
2022-08-11 07:30:00,58
2022-08-11 07:31:00,64
2022-08-11 07:32:00,58
2022-08-11 07:33:00,58
2022-08-11 07:34:00,60
2022-08-11 08:06:00,60
2022-08-11 08:07:00,58
2022-08-11 08:08:00,57
2022-08-11 08:09:00,56
2022-08-11 08:10:00,61
2022-08-11 08:11:00,61
2022-08-11 08:12:00,66
2022-08-11 08:13:00,63
2022-08-11 08:14:00,56
2022-08-11 08:15:00,61
2022-08-11 08:46:00,61
2022-08-11 08:47:00,60
2022-08-11 08:48:00,56
2022-08-11 08:49:00,65
2022-08-11 08:50:00,64
2022-08-11 08:51:00,63
2022-08-11 08:52:00,61
2022-08-11 08:53:00,64
2022-08-11 08:54:00,59
2022-08-11 08:55:00,62
2022-08-11 09:16:00,62
2022-08-11 09:17:00,63
2022-08-11 09:18:00,62
2022-08-11 09:19:00,62
2022-08-11 09:20:00,64
2022-08-11 09:21:00,65
2022-08-11 09:22:00,65
2022-08-11 09:23:00,66
2022-08-11 09:24:00,66
2022-08-11 11:46:00,60
2022-08-11 11:47:00,63
2022-08-11 11:48:00,61
2022-08-11 11:49:00,59
2022-08-11 11:50:00,67
2022-08-11 11:51:00,65
2022-08-11 11:52:00,63
2022-08-11 11:53:00,60
2022-08-11 11:54:00,60
2022-08-11 11:55:00,64
2022-08-11 12:06:00,64
2022-08-11 12:07:00,67
2022-08-11 12:08:00,61
2022-08-11 12:09:00,70
2022-08-11 12:10:00,61
2022-08-11 12:11:00,67
2022-08-11 12:12:00,62
2022-08-11 12:13:00,61
2022-08-11 12:14:00,64
2022-08-11 12:15:00,64
2022-08-11 12:25:00,67
2022-08-11 12:26:00,65
2022-08-11 12:27:00,66
2022-08-11 12:28:00,59
2022-08-11 12:29:00,64
2022-08-11 12:30:00,62
2022-08-11 12:31:00,66
2022-08-11 12:32:00,65
2022-08-11 12:33:00,69
2022-08-11 12:34:00,68
2022-08-11 12:46:00,62
2022-08-11 12:47:00,63
2022-08-11 12:48:00,60
2022-08-11 12:49:00,58
2022-08-11 12:50:00,62
2022-08-11 12:51:00,74
2022-08-11 12:52:00,65
2022-08-11 12:53:00,67
2022-08-11 12:54:00,61
2022-08-11 12:55:00,66
2022-08-11 12:56:00,64
2022-08-11 12:57:00,63
2022-08-11 12:58:00,66
2022-08-11 12:59:00,67
2022-08-11 13:00:00,64
2022-08-11 13:01:00,70
2022-08-11 13:02:00,65
2022-08-11 13:03:00,66
2022-08-11 13:04:00,62
2022-08-11 13:05:00,64
2022-08-11 13:06:00,66
2022-08-11 13:07:00,60
2022-08-11 13:08:00,64
2022-08-11 13:09:00,64
2022-08-11 13:10:00,63
2022-08-11 13:11:00,67
2022-08-11 13:12:00,64
2022-08-11 13:13:00,60
2022-08-11 13:14:00,60
2022-08-11 13:15:00,63
2022-08-11 13:25:00,62
2022-08-11 13:26:00,61
2022-08-11 13:27:00,58
2022-08-11 13:28:00,60
2022-08-11 13:29:00,59
2022-08-11 13:30:00,62
2022-08-11 13:31:00,66
2022-08-11 13:32:00,59
2022-08-11 13:33:00,61
2022-08-11 13:34:00,62
2022-08-11 14:06:00,68
2022-08-11 14:07:00,64
2022-08-11 14:08:00,61
2022-08-11 14:09:00,68
2022-08-11 14:10:00,65
2022-08-11 14:11:00,66
2022-08-11 14:12:00,59
2022-08-11 14:13:00,76
2022-08-11 14:14:00,60
2022-08-11 14:15:00,61
2022-08-11 14:16:00,68
2022-08-11 14:17:00,68
2022-08-11 14:18:00,65
2022-08-11 14:19:00,69
2022-08-11 14:20:00,61
2022-08-11 14:21:00,67
2022-08-11 14:22:00,69
2022-08-11 14:23:00,65
2022-08-11 14:24:00,67
2022-08-11 14:26:00,61
2022-08-11 14:27:00,61
2022-08-11 14:28:00,61
2022-08-11 14:29:00,66
2022-08-11 14:30:00,62
2022-08-11 14:31:00,66
2022-08-11 14:32:00,67
2022-08-11 14:33:00,65
2022-08-11 14:34:00,62
2022-08-11 14:35:00,63
2022-08-11 14:36:00,65
2022-08-11 14:37:00,65
2022-08-11 14:38:00,66
2022-08-11 14:39:00,61
2022-08-11 14:40:00,59
2022-08-11 14:41:00,62
2022-08-11 14:42:00,62
2022-08-11 14:43:00,61
2022-08-11 14:44:00,68
2022-08-11 14:45:00,67
2022-08-11 14:46:00,69
2022-08-11 14:47:00,63
2022-08-11 14:48:00,62
2022-08-11 14:49:00,72
2022-08-11 14:50:00,64
2022-08-11 14:51:00,67
2022-08-11 14:52:00,67
2022-08-11 14:53:00,65
2022-08-11 14:54:00,60
2022-08-11 14:55:00,57
2022-08-11 14:56:00,61
2022-08-11 14:57:00,63
2022-08-11 14:58:00,63
2022-08-11 14:59:00,67
2022-08-11 15:00:00,64
2022-08-11 15:01:00,62
2022-08-11 15:02:00,63
2022-08-11 15:03:00,64
2022-08-11 15:04:00,66
2022-08-11 15:05:00,65
2022-08-11 16:06:00,73
2022-08-11 16:07:00,71
2022-08-11 16:08:00,64
2022-08-11 16:09:00,63
2022-08-11 16:10:00,72
2022-08-11 16:11:00,68
2022-08-11 16:12:00,69
2022-08-11 16:13:00,70
2022-08-11 16:14:00,70
2022-08-11 16:15:00,71
2022-08-11 16:36:00,68
2022-08-11 16:37:00,65
2022-08-11 16:38:00,68
2022-08-11 16:39:00,63
2022-08-11 16:40:00,69
2022-08-11 16:41:00,63
2022-08-11 16:42:00,67
2022-08-11 16:43:00,64
2022-08-11 16:44:00,64
2022-08-11 16:45:00,72
2022-08-11 18:16:00,63
2022-08-11 18:17:00,68
2022-08-11 18:18:00,68
2022-08-11 18:19:00,69
2022-08-11 18:20:00,58
2022-08-11 18:21:00,61
2022-08-11 18:22:00,61
2022-08-11 18:23:00,60
2022-08-11 18:24:00,73
2022-08-11 18:25:00,65
2022-08-11 18:26:00,68
2022-08-11 18:28:00,70
2022-08-11 18:29:00,66
2022-08-11 18:30:00,68
2022-08-11 18:31:00,66
2022-08-11 18:32:00,68
2022-08-11 18:33:00,71
2022-08-11 18:34:00,69
2022-08-11 18:35:00,65
2022-08-11 18:46:00,67
2022-08-11 18:47:00,63
2022-08-11 18:48:00,59
2022-08-11 18:49:00,64
2022-08-11 18:50:00,64
2022-08-11 18:51:00,63
2022-08-11 18:52:00,61
2022-08-11 18:53:00,64
2022-08-11 18:54:00,62
2022-08-11 18:55:00,59
2022-08-11 19:06:00,61
2022-08-11 19:07:00,58
2022-08-11 19:08:00,57
2022-08-11 19:09:00,64
2022-08-11 19:10:00,62
2022-08-11 19:11:00,67
2022-08-11 19:12:00,62
2022-08-11 19:13:00,62
2022-08-11 19:14:00,62
2022-08-11 19:15:00,60
2022-08-11 19:27:00,59
2022-08-11 19:28:00,62
2022-08-11 19:29:00,68
2022-08-11 19:30:00,58
2022-08-11 19:31:00,64
2022-08-11 19:32:00,64
2022-08-11 19:33:00,63
2022-08-11 19:34:00,60
2022-08-11 19:35:00,58
2022-08-11 19:46:00,63
2022-08-11 19:47:00,64
2022-08-11 19:48:00,57
2022-08-11 19:49:00,59
2022-08-11 19:50:00,62
2022-08-11 19:51:00,68
2022-08-11 19:52:00,64
2022-08-11 19:53:00,65
2022-08-11 19:54:00,59
2022-08-11 19:55:00,57
2022-08-11 19:56:00,60
2022-08-11 19:57:00,63
2022-08-11 19:58:00,61
2022-08-11 19:59:00,66
2022-08-11 20:00:00,66
2022-08-11 20:01:00,62
2022-08-11 20:02:00,60
2022-08-11 20:03:00,58
2022-08-11 20:04:00,60
2022-08-11 20:05:00,60
2022-08-11 20:27:00,69
2022-08-11 20:28:00,62
2022-08-11 20:29:00,63
2022-08-11 20:30:00,60
2022-08-11 20:31:00,58
2022-08-11 20:32:00,67
2022-08-11 20:33:00,61
2022-08-11 20:34:00,60
2022-08-11 20:35:00,64
2022-08-11 20:56:00,63
2022-08-11 20:57:00,69
2022-08-11 20:58:00,65
2022-08-11 20:59:00,69
2022-08-11 21:00:00,65
2022-08-11 21:01:00,63
2022-08-11 21:02:00,59
2022-08-11 21:03:00,68
2022-08-11 21:04:00,62
2022-08-11 21:05:00,61
2022-08-11 21:27:00,60
2022-08-11 21:28:00,56
2022-08-11 21:29:00,70
2022-08-11 21:30:00,59
2022-08-11 21:31:00,56
2022-08-11 21:32:00,61
2022-08-11 21:33:00,57
2022-08-11 21:34:00,55
2022-08-11 21:35:00,56
2022-08-11 21:46:00,59
2022-08-11 21:47:00,64
2022-08-11 21:48:00,55
2022-08-11 21:49:00,55
2022-08-11 21:50:00,57
2022-08-11 21:51:00,58
2022-08-11 21:52:00,58
2022-08-11 21:53:00,65
2022-08-11 21:54:00,60
2022-08-11 21:55:00,58
2022-08-11 21:56:00,57
2022-08-11 21:57:00,60
2022-08-11 21:58:00,59
2022-08-11 21:59:00,62
2022-08-11 22:00:00,57
2022-08-11 22:01:00,60
2022-08-11 22:02:00,59
2022-08-11 22:03:00,55
2022-08-11 22:04:00,57
2022-08-11 22:05:00,56
2022-08-12 01:36:00,53
2022-08-12 01:37:00,55
2022-08-12 01:38:00,54
2022-08-12 01:39:00,58
2022-08-12 01:40:00,52
2022-08-12 01:41:00,51
2022-08-12 01:42:00,55
2022-08-12 01:43:00,54
2022-08-12 01:44:00,54
2022-08-12 01:45:00,53
2022-08-12 02:36:00,52
2022-08-12 02:37:00,52
2022-08-12 02:38:00,51
2022-08-12 02:39:00,49
2022-08-12 02:40:00,51
2022-08-12 02:41:00,49
2022-08-12 02:42:00,52
2022-08-12 02:43:00,52
2022-08-12 02:44:00,50
2022-08-12 02:45:00,50
2022-08-12 02:56:00,54
2022-08-12 02:57:00,55
2022-08-12 02:58:00,52
2022-08-12 02:59:00,53
2022-08-12 03:00:00,51
2022-08-12 03:01:00,52
2022-08-12 03:02:00,50
2022-08-12 03:03:00,50
2022-08-12 03:04:00,51
2022-08-12 03:05:00,53
2022-08-12 03:26:00,51
2022-08-12 03:27:00,54
2022-08-12 03:28:00,55
2022-08-12 03:29:00,53
2022-08-12 03:30:00,50
2022-08-12 03:31:00,51
2022-08-12 03:33:00,52
2022-08-12 03:34:00,49
2022-08-12 03:35:00,52
2022-08-12 03:36:00,50
2022-08-12 03:37:00,51
2022-08-12 03:38:00,53
2022-08-12 03:39:00,50
2022-08-12 03:40:00,53
2022-08-12 03:41:00,51
2022-08-12 03:42:00,50
2022-08-12 03:43:00,52
2022-08-12 03:44:00,50
2022-08-12 03:45:00,53
2022-08-12 05:06:00,55
2022-08-12 05:07:00,50
2022-08-12 05:08:00,50
2022-08-12 05:09:00,55
2022-08-12 05:10:00,52
2022-08-12 05:11:00,52
2022-08-12 05:12:00,50
2022-08-12 05:13:00,53
2022-08-12 05:14:00,52
2022-08-12 05:15:00,51
2022-08-12 05:46:00,52
2022-08-12 05:47:00,53
2022-08-12 05:48:00,55
2022-08-12 05:49:00,56
2022-08-12 05:50:00,51
2022-08-12 05:51:00,51
2022-08-12 05:52:00,55
2022-08-12 05:53:00,52
2022-08-12 05:54:00,56
2022-08-12 05:55:00,59
2022-08-12 06:06:00,53
2022-08-12 06:07:00,54
2022-08-12 06:08:00,52
2022-08-12 06:09:00,50
2022-08-12 06:10:00,54
2022-08-12 06:11:00,60
2022-08-12 06:12:00,60
2022-08-12 06:13:00,53
2022-08-12 06:14:00,54
2022-08-12 06:15:00,54
2022-08-12 06:26:00,52
2022-08-12 06:27:00,55
2022-08-12 06:28:00,52
2022-08-12 06:29:00,60
2022-08-12 06:30:00,54
2022-08-12 06:31:00,57
2022-08-12 06:32:00,55
2022-08-12 06:33:00,52
2022-08-12 06:35:00,56
2022-08-12 06:36:00,55
2022-08-12 06:37:00,54
2022-08-12 06:38:00,53
2022-08-12 06:39:00,60
2022-08-12 06:40:00,53
2022-08-12 06:41:00,57
2022-08-12 06:42:00,56
2022-08-12 06:43:00,59
2022-08-12 06:44:00,55
2022-08-12 06:45:00,51
2022-08-12 06:56:00,53
2022-08-12 06:57:00,52
2022-08-12 06:58:00,61
2022-08-12 06:59:00,57
2022-08-12 07:00:00,54
2022-08-12 07:01:00,62
2022-08-12 07:02:00,51
2022-08-12 07:03:00,53
2022-08-12 07:04:00,56
2022-08-12 07:05:00,59
2022-08-12 07:06:00,58
2022-08-12 07:07:00,56
2022-08-12 07:08:00,56
2022-08-12 07:09:00,52
2022-08-12 07:10:00,52
2022-08-12 07:11:00,53
2022-08-12 07:12:00,54
2022-08-12 07:13:00,58
2022-08-12 07:14:00,53
2022-08-12 07:15:00,55
2022-08-12 07:16:00,54
2022-08-12 07:17:00,57
2022-08-12 07:18:00,53
2022-08-12 07:19:00,58
2022-08-12 07:20:00,55
2022-08-12 07:21:00,55
2022-08-12 07:22:00,54
2022-08-12 07:23:00,54
2022-08-12 07:24:00,57
2022-08-12 07:25:00,58
2022-08-12 07:37:00,62
2022-08-12 07:38:00,66
2022-08-12 07:39:00,57
2022-08-12 07:40:00,57
2022-08-12 07:41:00,55
2022-08-12 07:42:00,56
2022-08-12 07:43:00,56
2022-08-12 07:44:00,60
2022-08-12 07:45:00,55
2022-08-12 08:16:00,57
2022-08-12 08:17:00,57
2022-08-12 08:18:00,63
2022-08-12 08:19:00,60
2022-08-12 08:20:00,55
2022-08-12 08:21:00,58
2022-08-12 08:22:00,58
2022-08-12 08:23:00,54
2022-08-12 08:24:00,62
2022-08-12 08:25:00,64
2022-08-12 08:56:00,60
2022-08-12 08:57:00,63
2022-08-12 08:58:00,65
2022-08-12 08:59:00,63
2022-08-12 09:00:00,63
2022-08-12 09:01:00,57
2022-08-12 09:02:00,59
2022-08-12 09:03:00,59
2022-08-12 09:04:00,61
2022-08-12 09:05:00,65
2022-08-12 10:16:00,60
2022-08-12 10:18:00,60
2022-08-12 10:19:00,62
2022-08-12 10:20:00,63
2022-08-12 10:21:00,62
2022-08-12 10:22:00,59
2022-08-12 10:23:00,59
2022-08-12 10:24:00,63
2022-08-12 10:25:00,62
2022-08-12 10:26:00,67
2022-08-12 10:27:00,65
2022-08-12 10:28:00,60
2022-08-12 10:29:00,58
2022-08-12 10:30:00,58
2022-08-12 10:31:00,60
2022-08-12 10:32:00,67
2022-08-12 10:33:00,64
2022-08-12 10:34:00,62
2022-08-12 10:35:00,61
2022-08-12 10:36:00,58
2022-08-12 10:46:00,63
2022-08-12 10:47:00,62
2022-08-12 10:48:00,60
2022-08-12 10:49:00,59
2022-08-12 10:50:00,60
2022-08-12 10:51:00,61
2022-08-12 10:52:00,60
2022-08-12 10:53:00,63
2022-08-12 10:54:00,63
2022-08-12 10:55:00,60
2022-08-12 11:06:00,64
2022-08-12 11:07:00,63
2022-08-12 11:08:00,58
2022-08-12 11:09:00,60
2022-08-12 11:10:00,66
2022-08-12 11:11:00,65
2022-08-12 11:12:00,69
2022-08-12 11:13:00,62
2022-08-12 11:14:00,60
2022-08-12 11:15:00,61
2022-08-12 11:16:00,58
2022-08-12 11:17:00,61
2022-08-12 11:18:00,63
2022-08-12 11:19:00,65
2022-08-12 11:21:00,64
2022-08-12 11:22:00,63
2022-08-12 11:23:00,63
2022-08-12 11:24:00,64
2022-08-12 11:25:00,66
2022-08-12 11:26:00,65
2022-08-12 11:27:00,62
2022-08-12 11:28:00,60
2022-08-12 11:29:00,60
2022-08-12 11:30:00,63
2022-08-12 11:31:00,64
2022-08-12 11:32:00,65
2022-08-12 11:33:00,66
2022-08-12 11:34:00,62
2022-08-12 11:35:00,60
2022-08-12 11:36:00,62
2022-08-12 11:46:00,65
2022-08-12 11:47:00,64
2022-08-12 11:48:00,65
2022-08-12 11:49:00,60
2022-08-12 11:50:00,61
2022-08-12 11:51:00,67
2022-08-12 11:52:00,67
2022-08-12 11:53:00,66
2022-08-12 11:54:00,67
2022-08-12 11:55:00,59
2022-08-12 11:56:00,60
2022-08-12 11:57:00,63
2022-08-12 11:58:00,63
2022-08-12 11:59:00,62
2022-08-12 12:00:00,63
2022-08-12 12:01:00,61
2022-08-12 12:02:00,60
2022-08-12 12:03:00,59
2022-08-12 12:04:00,60
2022-08-12 12:05:00,64
2022-08-12 12:06:00,64
2022-08-12 12:07:00,59
2022-08-12 12:08:00,61
2022-08-12 12:09:00,58
2022-08-12 12:10:00,64
2022-08-12 12:11:00,70
2022-08-12 12:12:00,64
2022-08-12 12:13:00,60
2022-08-12 12:14:00,60
2022-08-12 12:15:00,59
2022-08-12 12:27:00,68
2022-08-12 12:28:00,62
2022-08-12 12:29:00,59
2022-08-12 12:30:00,61
2022-08-12 12:31:00,61
2022-08-12 12:32:00,64
2022-08-12 12:33:00,65
2022-08-12 12:34:00,62
2022-08-12 12:35:00,57
2022-08-12 12:36:00,59
2022-08-12 12:46:00,61
2022-08-12 12:47:00,61
2022-08-12 12:48:00,63
2022-08-12 12:49:00,59
2022-08-12 12:50:00,60
2022-08-12 12:51:00,63
2022-08-12 12:52:00,62
2022-08-12 12:53:00,70
2022-08-12 12:54:00,61
2022-08-12 12:55:00,62
2022-08-12 12:56:00,62
2022-08-12 12:57:00,63
2022-08-12 12:58:00,61
2022-08-12 12:59:00,62
2022-08-12 13:00:00,60
2022-08-12 13:01:00,60
2022-08-12 13:02:00,57
2022-08-12 13:03:00,59
2022-08-12 13:04:00,62
2022-08-12 13:05:00,63
2022-08-12 14:06:00,64
2022-08-12 14:07:00,61
2022-08-12 14:08:00,58
2022-08-12 14:09:00,58
2022-08-12 14:10:00,59
2022-08-12 14:11:00,61
2022-08-12 14:12:00,63
2022-08-12 14:13:00,64
2022-08-12 14:14:00,57
2022-08-12 14:15:00,57
2022-08-12 15:06:00,63
2022-08-12 15:07:00,60
2022-08-12 15:08:00,57
2022-08-12 15:09:00,63
2022-08-12 15:10:00,61
2022-08-12 15:11:00,63
2022-08-12 15:12:00,63
2022-08-12 15:13:00,62
2022-08-12 15:14:00,59
2022-08-12 15:15:00,59
2022-08-12 15:16:00,60
2022-08-12 15:17:00,61
2022-08-12 15:18:00,64
2022-08-12 15:20:00,66
2022-08-12 15:21:00,59
2022-08-12 15:22:00,59
2022-08-12 15:23:00,63
2022-08-12 15:24:00,61
2022-08-12 15:25:00,67
2022-08-12 15:26:00,62
2022-08-12 15:27:00,60
2022-08-12 15:28:00,59
2022-08-12 15:29:00,62
2022-08-12 15:30:00,58
2022-08-12 15:31:00,61
2022-08-12 15:32:00,66
2022-08-12 15:33:00,64
2022-08-12 15:34:00,65
2022-08-12 15:35:00,63
2022-08-12 15:36:00,61
2022-08-12 15:37:00,65
2022-08-12 15:38:00,66
2022-08-12 15:39:00,66
2022-08-12 15:40:00,62
2022-08-12 15:41:00,63
2022-08-12 15:42:00,59
2022-08-12 15:43:00,65
2022-08-12 15:44:00,61
2022-08-12 15:45:00,69
2022-08-12 15:46:00,66
2022-08-12 15:47:00,62
2022-08-12 15:48:00,68
2022-08-12 15:49:00,62
2022-08-12 15:50:00,66
2022-08-12 15:51:00,67
2022-08-12 15:52:00,64
2022-08-12 15:53:00,63
2022-08-12 15:54:00,65
2022-08-12 15:55:00,60
2022-08-12 16:16:00,62
2022-08-12 16:18:00,62
2022-08-12 16:19:00,64
2022-08-12 16:20:00,68
2022-08-12 16:21:00,63
2022-08-12 16:22:00,62
2022-08-12 16:23:00,64
2022-08-12 16:24:00,61
2022-08-12 16:25:00,63
2022-08-12 16:26:00,66
2022-08-12 16:27:00,63
2022-08-12 16:28:00,69
2022-08-12 16:29:00,65
2022-08-12 16:30:00,62
2022-08-12 16:31:00,59
2022-08-12 16:32:00,62
2022-08-12 16:33:00,61
2022-08-12 16:34:00,62
2022-08-12 16:35:00,61
2022-08-12 16:36:00,57
2022-08-12 16:47:00,63
2022-08-12 16:48:00,64
2022-08-12 16:49:00,62
2022-08-12 16:50:00,61
2022-08-12 16:51:00,63
2022-08-12 16:52:00,63
2022-08-12 16:53:00,65
2022-08-12 16:54:00,61
2022-08-12 16:55:00,62
2022-08-12 16:56:00,58
2022-08-12 16:57:00,62
2022-08-12 16:58:00,64
2022-08-12 16:59:00,62
2022-08-12 17:00:00,61
2022-08-12 17:01:00,62
2022-08-12 17:02:00,61
2022-08-12 17:03:00,58
2022-08-12 17:04:00,59
2022-08-12 17:05:00,61
2022-08-12 17:17:00,62
2022-08-12 17:18:00,62
2022-08-12 17:19:00,63
2022-08-12 17:20:00,64
2022-08-12 17:21:00,60
2022-08-12 17:22:00,58
2022-08-12 17:23:00,59
2022-08-12 17:24:00,60
2022-08-12 17:25:00,61
2022-08-12 17:26:00,65
2022-08-12 17:27:00,59
2022-08-12 17:28:00,57
2022-08-12 17:29:00,58
2022-08-12 17:30:00,60
2022-08-12 17:31:00,66
2022-08-12 17:32:00,65
2022-08-12 17:33:00,67
2022-08-12 17:34:00,61
2022-08-12 17:35:00,58
2022-08-12 17:36:00,57
2022-08-12 17:47:00,60
2022-08-12 17:48:00,61
2022-08-12 17:49:00,61
2022-08-12 17:50:00,59
2022-08-12 17:51:00,64
2022-08-12 17:52:00,62
2022-08-12 17:53:00,63
2022-08-12 17:54:00,64
2022-08-12 17:55:00,59
2022-08-12 17:56:00,68
2022-08-12 17:57:00,66
2022-08-12 17:58:00,64
2022-08-12 17:59:00,62
2022-08-12 18:00:00,60
2022-08-12 18:01:00,62
2022-08-12 18:02:00,61
2022-08-12 18:03:00,58
2022-08-12 18:04:00,58
2022-08-12 18:05:00,63
2022-08-12 18:27:00,61
2022-08-12 18:28:00,57
2022-08-12 18:29:00,59
2022-08-12 18:30:00,61
2022-08-12 18:31:00,59
2022-08-12 18:32:00,63
2022-08-12 18:33:00,63
2022-08-12 18:34:00,62
2022-08-12 18:35:00,61
2022-08-12 18:36:00,58
2022-08-12 19:06:00,63
2022-08-12 19:07:00,62
2022-08-12 19:08:00,55
2022-08-12 19:09:00,58
2022-08-12 19:10:00,62
2022-08-12 19:11:00,59
2022-08-12 19:12:00,64
2022-08-12 19:13:00,60
2022-08-12 19:14:00,59
2022-08-12 19:16:00,56
2022-08-12 21:17:00,54
2022-08-12 21:18:00,55
2022-08-12 21:19:00,55
2022-08-12 21:20:00,59
2022-08-12 21:21:00,60
2022-08-12 21:22:00,59
2022-08-12 21:23:00,54
2022-08-12 21:24:00,54
2022-08-12 21:25:00,53
2022-08-12 21:26:00,56
2022-08-12 21:27:00,54
2022-08-12 21:28:00,54
2022-08-12 21:29:00,54
2022-08-12 21:30:00,54
2022-08-12 21:31:00,55
2022-08-12 21:32:00,57
2022-08-12 21:33:00,57
2022-08-12 21:34:00,57
2022-08-12 21:35:00,54
2022-08-12 21:36:00,57
2022-08-12 21:47:00,58
2022-08-12 21:48:00,54
2022-08-12 21:49:00,52
2022-08-12 21:50:00,55
2022-08-12 21:51:00,56
2022-08-12 21:52:00,57
2022-08-12 21:53:00,57
2022-08-12 21:54:00,56
2022-08-12 21:55:00,52
2022-08-12 22:17:00,60
2022-08-12 22:18:00,57
2022-08-12 22:19:00,52
2022-08-12 22:20:00,57
2022-08-12 22:21:00,54
2022-08-12 22:22:00,57
2022-08-12 22:23:00,58
2022-08-12 22:24:00,55
2022-08-12 22:25:00,55
2022-08-12 22:26:00,63
2022-08-12 22:27:00,58
2022-08-12 22:28:00,58
2022-08-12 22:29:00,57
2022-08-12 22:30:00,56
2022-08-12 22:31:00,58
2022-08-12 22:32:00,58
2022-08-12 22:33:00,58
2022-08-12 22:34:00,54
2022-08-12 22:35:00,57
2022-08-12 22:36:00,56
2022-08-12 22:47:00,53
2022-08-12 22:48:00,57
2022-08-12 22:49:00,58
2022-08-12 22:50:00,54
2022-08-12 22:51:00,58
2022-08-12 22:52:00,56
2022-08-12 22:53:00,55
2022-08-12 22:54:00,59
2022-08-12 22:55:00,56
2022-08-12 22:56:00,54
2022-08-12 22:57:00,57
2022-08-12 22:58:00,57
2022-08-12 22:59:00,54
2022-08-12 23:00:00,56
2022-08-12 23:01:00,57
2022-08-12 23:02:00,62
2022-08-12 23:03:00,60
2022-08-12 23:04:00,57
2022-08-12 23:05:00,55
2022-08-12 23:06:00,55
2022-08-12 23:07:00,57
2022-08-12 23:08:00,56
2022-08-12 23:09:00,57
2022-08-12 23:10:00,56
2022-08-12 23:11:00,57
2022-08-12 23:13:00,59
2022-08-12 23:14:00,59
2022-08-12 23:15:00,56
2022-08-12 23:16:00,58
2022-08-12 23:17:00,55
2022-08-12 23:18:00,56
2022-08-12 23:19:00,52
2022-08-12 23:20:00,54
2022-08-12 23:21:00,56
2022-08-12 23:22:00,57
2022-08-12 23:23:00,55
2022-08-12 23:24:00,56
2022-08-12 23:25:00,59
2022-08-12 23:26:00,59
2022-08-12 23:27:00,57
2022-08-12 23:28:00,57
2022-08-12 23:29:00,57
2022-08-12 23:30:00,58
2022-08-12 23:31:00,60
2022-08-12 23:32:00,57
2022-08-12 23:33:00,60
2022-08-12 23:34:00,58
2022-08-12 23:35:00,56
2022-08-12 23:36:00,61
2022-08-12 23:56:00,63
2022-08-12 23:57:00,60
2022-08-12 23:58:00,54
2022-08-12 23:59:00,57
2022-08-13 00:00:00,56
2022-08-13 00:01:00,56
2022-08-13 00:02:00,57
2022-08-13 00:03:00,69
2022-08-13 00:04:00,56
2022-08-13 00:05:00,57
2022-08-13 00:47:00,54
2022-08-13 00:48:00,54
2022-08-13 00:49:00,57
2022-08-13 00:50:00,52
2022-08-13 00:51:00,55
2022-08-13 00:52:00,57
2022-08-13 00:53:00,55
2022-08-13 00:54:00,55
2022-08-13 00:55:00,58
2022-08-13 00:56:00,56
2022-08-13 00:57:00,55
2022-08-13 00:58:00,53
2022-08-13 00:59:00,54
2022-08-13 01:00:00,57
2022-08-13 01:01:00,51
2022-08-13 01:02:00,52
2022-08-13 01:03:00,54
2022-08-13 01:04:00,55
2022-08-13 01:05:00,54
2022-08-13 01:06:00,50
2022-08-13 01:07:00,53
2022-08-13 01:08:00,54
2022-08-13 01:09:00,53
2022-08-13 01:10:00,56
2022-08-13 01:11:00,56
2022-08-13 01:12:00,52
2022-08-13 01:14:00,54
2022-08-13 01:15:00,56
2022-08-13 01:16:00,50
2022-08-13 01:17:00,52
2022-08-13 01:18:00,51
2022-08-13 01:19:00,51
2022-08-13 01:20:00,55
2022-08-13 01:21:00,51
2022-08-13 01:22:00,53
2022-08-13 01:23:00,57
2022-08-13 01:24:00,53
2022-08-13 01:25:00,55
2022-08-13 01:26:00,56
2022-08-13 01:27:00,53
2022-08-13 01:28:00,52
2022-08-13 01:29:00,53
2022-08-13 01:30:00,55
2022-08-13 01:31:00,55
2022-08-13 01:32:00,55
2022-08-13 01:33:00,57
2022-08-13 01:34:00,52
2022-08-13 01:35:00,59
2022-08-13 01:36:00,58
2022-08-13 01:37:00,57
2022-08-13 01:38:00,53
2022-08-13 01:39:00,59
2022-08-13 01:40:00,57
2022-08-13 01:41:00,57
2022-08-13 01:42:00,56
2022-08-13 01:43:00,55
2022-08-13 01:44:00,52
2022-08-13 01:45:00,55
2022-08-13 01:46:00,55
2022-08-13 01:47:00,55
2022-08-13 01:48:00,56
2022-08-13 01:49:00,55
2022-08-13 01:50:00,54
2022-08-13 01:51:00,52
2022-08-13 01:52:00,55
2022-08-13 01:53:00,55
2022-08-13 01:54:00,51
2022-08-13 01:55:00,51
2022-08-13 01:56:00,53
2022-08-13 02:06:00,52
2022-08-13 02:07:00,51
2022-08-13 02:08:00,54
2022-08-13 02:09:00,51
2022-08-13 02:10:00,52
2022-08-13 02:11:00,50
2022-08-13 02:12:00,53
2022-08-13 02:13:00,53
2022-08-13 02:15:00,55
2022-08-13 02:16:00,54
2022-08-13 03:31:00,54
2022-08-13 03:32:00,50
2022-08-13 03:33:00,56
2022-08-13 03:34:00,53
2022-08-13 03:35:00,52
2022-08-13 03:36:00,54
2022-08-13 03:37:00,57
2022-08-13 03:38:00,52
2022-08-13 03:39:00,55
2022-08-13 03:40:00,53
2022-08-13 03:41:00,55
2022-08-13 03:42:00,52
2022-08-13 03:43:00,53
2022-08-13 03:44:00,51
2022-08-13 03:45:00,52
2022-08-13 03:46:00,52
2022-08-13 03:47:00,57
2022-08-13 03:48:00,53
2022-08-13 03:49:00,52
2022-08-13 03:50:00,51
2022-08-13 04:02:00,51
2022-08-13 04:03:00,52
2022-08-13 04:04:00,51
2022-08-13 04:05:00,52
2022-08-13 04:06:00,53
2022-08-13 04:07:00,55
2022-08-13 04:08:00,51
2022-08-13 04:09:00,53
2022-08-13 04:10:00,52
2022-08-13 04:11:00,54
2022-08-13 04:12:00,50
2022-08-13 04:13:00,51
2022-08-13 04:14:00,55
2022-08-13 04:15:00,56
2022-08-13 04:16:00,54
2022-08-13 04:17:00,50
2022-08-13 04:18:00,55
2022-08-13 04:19:00,56
2022-08-13 04:20:00,58
2022-08-13 04:31:00,57
2022-08-13 04:32:00,53
2022-08-13 04:33:00,54
2022-08-13 04:34:00,58
2022-08-13 04:35:00,57
2022-08-13 04:36:00,51
2022-08-13 04:37:00,54
2022-08-13 04:38:00,53
2022-08-13 04:39:00,57
2022-08-13 04:40:00,53
2022-08-13 04:51:00,52
2022-08-13 04:52:00,55
2022-08-13 04:53:00,50
2022-08-13 04:54:00,57
2022-08-13 04:55:00,52
2022-08-13 04:56:00,55
2022-08-13 04:58:00,51
2022-08-13 04:59:00,52
2022-08-13 05:00:00,51
2022-08-13 05:01:00,50
2022-08-13 05:12:00,52
2022-08-13 05:13:00,54
2022-08-13 05:14:00,55
2022-08-13 05:15:00,56
2022-08-13 05:16:00,54
2022-08-13 05:17:00,54
2022-08-13 05:18:00,52
2022-08-13 05:19:00,51
2022-08-13 05:20:00,52
2022-08-13 05:21:00,57
2022-08-13 05:22:00,55
2022-08-13 05:23:00,55
2022-08-13 05:24:00,52
2022-08-13 05:25:00,54
2022-08-13 05:26:00,55
2022-08-13 05:27:00,54
2022-08-13 05:28:00,53
2022-08-13 05:29:00,55
2022-08-13 05:30:00,53
2022-08-13 05:31:00,54
2022-08-13 05:32:00,55
2022-08-13 05:33:00,55
2022-08-13 05:34:00,57
2022-08-13 05:35:00,52
2022-08-13 05:36:00,51
2022-08-13 05:37:00,57
2022-08-13 05:38:00,53
2022-08-13 05:39:00,51
2022-08-13 05:40:00,52
2022-08-13 05:51:00,50
2022-08-13 05:52:00,60
2022-08-13 05:53:00,51
2022-08-13 05:54:00,53
2022-08-13 05:55:00,50
2022-08-13 05:56:00,57
2022-08-13 05:57:00,52
2022-08-13 05:59:00,53
2022-08-13 06:00:00,53
2022-08-13 06:01:00,53
2022-08-13 07:12:00,55
2022-08-13 07:13:00,51
2022-08-13 07:14:00,52
2022-08-13 07:15:00,49
2022-08-13 07:16:00,52
2022-08-13 07:17:00,53
2022-08-13 07:18:00,54
2022-08-13 07:19:00,54
2022-08-13 07:20:00,55
2022-08-13 07:21:00,58
2022-08-13 07:22:00,57
2022-08-13 07:23:00,52
2022-08-13 07:24:00,53
2022-08-13 07:25:00,54
2022-08-13 07:26:00,54
2022-08-13 07:27:00,56
2022-08-13 07:28:00,54
2022-08-13 07:29:00,54
2022-08-13 07:30:00,51
2022-08-13 07:31:00,52
2022-08-13 07:32:00,52
2022-08-13 07:33:00,52
2022-08-13 07:34:00,60
2022-08-13 07:35:00,55
2022-08-13 07:36:00,55
2022-08-13 07:37:00,54
2022-08-13 07:38:00,53
2022-08-13 07:39:00,50
2022-08-13 07:40:00,57
2022-08-13 07:41:00,57
2022-08-13 07:42:00,52
2022-08-13 07:43:00,51
2022-08-13 07:44:00,51
2022-08-13 07:45:00,51
2022-08-13 07:46:00,53
2022-08-13 07:47:00,55
2022-08-13 07:48:00,51
2022-08-13 07:49:00,56
2022-08-13 07:50:00,54
2022-08-13 08:51:00,53
2022-08-13 08:52:00,54
2022-08-13 08:53:00,52
2022-08-13 08:55:00,58
2022-08-13 08:56:00,57
2022-08-13 08:57:00,57
2022-08-13 08:58:00,54
2022-08-13 08:59:00,55
2022-08-13 09:00:00,55
2022-08-13 09:01:00,57
2022-08-13 10:51:00,54
2022-08-13 10:52:00,61
2022-08-13 10:54:00,55
2022-08-13 10:55:00,58
2022-08-13 10:56:00,59
2022-08-13 10:57:00,56
2022-08-13 10:58:00,54
2022-08-13 10:59:00,52
2022-08-13 11:00:00,56
2022-08-13 11:01:00,60
2022-08-13 13:12:00,56
2022-08-13 13:13:00,57
2022-08-13 13:14:00,60
2022-08-13 13:15:00,61
2022-08-13 13:16:00,57
2022-08-13 13:17:00,57
2022-08-13 13:18:00,57
2022-08-13 13:19:00,57
2022-08-13 13:20:00,60
2022-08-13 13:21:00,62
2022-08-13 13:22:00,59
2022-08-13 13:23:00,58
2022-08-13 13:24:00,62
2022-08-13 13:25:00,58
2022-08-13 13:26:00,56
2022-08-13 13:27:00,61
2022-08-13 13:28:00,60
2022-08-13 13:29:00,57
2022-08-13 13:30:00,60
2022-08-13 13:41:00,60
2022-08-13 13:42:00,57
2022-08-13 13:43:00,57
2022-08-13 13:44:00,58
2022-08-13 13:45:00,58
2022-08-13 13:46:00,59
2022-08-13 13:47:00,59
2022-08-13 13:48:00,61
2022-08-13 13:49:00,59
2022-08-13 13:50:00,56
2022-08-13 14:02:00,57
2022-08-13 14:03:00,59
2022-08-13 14:04:00,58
2022-08-13 14:05:00,56
2022-08-13 14:06:00,56
2022-08-13 14:07:00,58
2022-08-13 14:08:00,61
2022-08-13 14:09:00,59
2022-08-13 14:10:00,57
2022-08-13 14:11:00,57
2022-08-13 14:12:00,58
2022-08-13 14:13:00,60
2022-08-13 14:14:00,61
2022-08-13 14:15:00,58
2022-08-13 14:16:00,59
2022-08-13 14:17:00,58
2022-08-13 14:18:00,54
2022-08-13 14:19:00,58
2022-08-13 14:20:00,56
2022-08-13 14:21:00,61
2022-08-13 14:22:00,58
2022-08-13 14:23:00,60
2022-08-13 14:24:00,60
2022-08-13 14:25:00,55
2022-08-13 14:26:00,57
2022-08-13 14:27:00,60
2022-08-13 14:28:00,63
2022-08-13 14:29:00,64
2022-08-13 14:30:00,58
2022-08-13 14:41:00,58
2022-08-13 14:42:00,59
2022-08-13 14:43:00,56
2022-08-13 14:44:00,55
2022-08-13 14:45:00,57
2022-08-13 14:46:00,58
2022-08-13 14:47:00,61
2022-08-13 14:48:00,59
2022-08-13 14:49:00,55
2022-08-13 14:50:00,56
2022-08-13 14:51:00,55
2022-08-13 14:52:00,55
2022-08-13 14:53:00,59
2022-08-13 14:54:00,57
2022-08-13 14:55:00,59
2022-08-13 14:56:00,57
2022-08-13 14:58:00,55
2022-08-13 14:59:00,60
2022-08-13 15:00:00,55
2022-08-13 15:01:00,56
2022-08-13 15:22:00,64
2022-08-13 15:23:00,58
2022-08-13 15:24:00,56
2022-08-13 15:25:00,56
2022-08-13 15:26:00,60
2022-08-13 15:27:00,71
2022-08-13 15:28:00,61
2022-08-13 15:29:00,58
2022-08-13 15:30:00,58
2022-08-13 15:31:00,59
2022-08-13 15:32:00,58
2022-08-13 15:33:00,60
2022-08-13 15:34:00,57
2022-08-13 15:35:00,65
2022-08-13 15:36:00,66
2022-08-13 15:37:00,56
2022-08-13 15:38:00,57
2022-08-13 15:39:00,58
2022-08-13 15:40:00,60
2022-08-13 15:41:00,67
2022-08-13 15:42:00,57
2022-08-13 15:43:00,58
2022-08-13 15:44:00,54
2022-08-13 15:45:00,55
2022-08-13 15:46:00,54
2022-08-13 15:47:00,57
2022-08-13 15:48:00,61
2022-08-13 15:49:00,58
2022-08-13 15:50:00,56
2022-08-13 16:02:00,59
2022-08-13 16:03:00,61
2022-08-13 16:04:00,57
2022-08-13 16:05:00,55
2022-08-13 16:06:00,56
2022-08-13 16:07:00,57
2022-08-13 16:08:00,57
2022-08-13 16:09:00,59
2022-08-13 16:10:00,54
2022-08-13 16:11:00,55
2022-08-13 17:12:00,56
2022-08-13 17:13:00,52
2022-08-13 17:14:00,59
2022-08-13 17:15:00,61
2022-08-13 17:16:00,59
2022-08-13 17:17:00,57
2022-08-13 17:18:00,54
2022-08-13 17:19:00,58
2022-08-13 17:20:00,55
2022-08-13 17:21:00,59
2022-08-13 17:22:00,58
2022-08-13 17:23:00,60
2022-08-13 17:24:00,54
2022-08-13 17:25:00,56
2022-08-13 17:26:00,55
2022-08-13 17:27:00,55
2022-08-13 17:28:00,55
2022-08-13 17:29:00,62
2022-08-13 17:30:00,59
2022-08-13 17:51:00,55
2022-08-13 17:52:00,57
2022-08-13 17:53:00,59
2022-08-13 17:54:00,58
2022-08-13 17:55:00,59
2022-08-13 17:57:00,59
2022-08-13 17:58:00,54
2022-08-13 17:59:00,55
2022-08-13 18:00:00,54
2022-08-13 18:01:00,58
2022-08-13 18:12:00,55
2022-08-13 18:13:00,56
2022-08-13 18:14:00,58
2022-08-13 18:15:00,58
2022-08-13 18:16:00,58
2022-08-13 18:17:00,57
2022-08-13 18:18:00,56
2022-08-13 18:19:00,56
2022-08-13 18:20:00,55
2022-08-13 18:21:00,59
2022-08-13 18:22:00,61
2022-08-13 18:23:00,55
2022-08-13 18:24:00,54
2022-08-13 18:25:00,53
2022-08-13 18:26:00,53
2022-08-13 18:27:00,62
2022-08-13 18:28:00,58
2022-08-13 18:29:00,62
2022-08-13 18:30:00,54
2022-08-13 18:31:00,56
2022-08-13 19:22:00,56
2022-08-13 19:23:00,57
2022-08-13 19:24:00,55
2022-08-13 19:25:00,56
2022-08-13 19:26:00,56
2022-08-13 19:27:00,57
2022-08-13 19:28:00,57
2022-08-13 19:29:00,56
2022-08-13 19:30:00,59
2022-08-13 19:31:00,56
2022-08-13 19:32:00,55
2022-08-13 19:33:00,57
2022-08-13 19:34:00,55
2022-08-13 19:35:00,58
2022-08-13 19:36:00,59
2022-08-13 19:37:00,54
2022-08-13 19:38:00,59
2022-08-13 19:39:00,55
2022-08-13 19:40:00,57
2022-08-13 20:22:00,58
2022-08-13 20:23:00,56
2022-08-13 20:24:00,54
2022-08-13 20:25:00,55
2022-08-13 20:26:00,55
2022-08-13 20:27:00,56
2022-08-13 20:28:00,57
2022-08-13 20:29:00,57
2022-08-13 20:30:00,56
2022-08-13 20:31:00,54
2022-08-13 21:02:00,56
2022-08-13 21:03:00,57
2022-08-13 21:04:00,54
2022-08-13 21:05:00,55
2022-08-13 21:06:00,54
2022-08-13 21:07:00,56
2022-08-13 21:08:00,56
2022-08-13 21:09:00,57
2022-08-13 21:10:00,55
2022-08-13 21:11:00,52
2022-08-13 21:32:00,54
2022-08-13 21:33:00,55
2022-08-13 21:34:00,54
2022-08-13 21:35:00,54
2022-08-13 21:36:00,53
2022-08-13 21:37:00,51
2022-08-13 21:38:00,53
2022-08-13 21:39:00,56
2022-08-13 21:40:00,58
2022-08-13 23:22:00,55
2022-08-13 23:23:00,55
2022-08-13 23:24:00,52
2022-08-13 23:25:00,57
2022-08-13 23:26:00,57
2022-08-13 23:27:00,54
2022-08-13 23:28:00,54
2022-08-13 23:29:00,52
2022-08-13 23:30:00,55
2022-08-13 23:31:00,54
2022-08-14 00:12:00,51
2022-08-14 00:13:00,56
2022-08-14 00:14:00,52
2022-08-14 00:15:00,57
2022-08-14 00:16:00,57
2022-08-14 00:17:00,56
2022-08-14 00:18:00,54
2022-08-14 00:19:00,55
2022-08-14 00:20:00,55
2022-08-14 00:21:00,52
2022-08-14 00:41:00,56
2022-08-14 00:42:00,54
2022-08-14 00:43:00,50
2022-08-14 00:44:00,54
2022-08-14 00:45:00,53
2022-08-14 00:46:00,54
2022-08-14 00:47:00,54
2022-08-14 00:48:00,57
2022-08-14 00:49:00,52
2022-08-14 00:50:00,52
2022-08-14 00:51:00,53
2022-08-14 00:52:00,54
2022-08-14 00:53:00,55
2022-08-14 00:54:00,55
2022-08-14 00:55:00,53
2022-08-14 00:56:00,53
2022-08-14 00:57:00,54
2022-08-14 00:58:00,53
2022-08-14 00:59:00,53
2022-08-14 01:00:00,53
2022-08-14 01:01:00,58
2022-08-14 01:02:00,54
2022-08-14 01:03:00,65
2022-08-14 01:04:00,52
2022-08-14 01:05:00,57
2022-08-14 01:07:00,55
2022-08-14 01:08:00,56
2022-08-14 01:09:00,53
2022-08-14 01:10:00,53
2022-08-14 01:11:00,53
2022-08-14 02:32:00,51
2022-08-14 02:33:00,53
2022-08-14 02:34:00,53
2022-08-14 02:35:00,53
2022-08-14 02:36:00,50
2022-08-14 02:37:00,51
2022-08-14 02:38:00,49
2022-08-14 02:39:00,49
2022-08-14 02:40:00,54
2022-08-14 05:01:00,49
2022-08-14 05:02:00,52
2022-08-14 05:03:00,51
2022-08-14 05:04:00,52
2022-08-14 05:05:00,52
2022-08-14 05:06:00,52
2022-08-14 05:07:00,52
2022-08-14 05:09:00,54
2022-08-14 05:10:00,55
2022-08-14 05:11:00,50
2022-08-14 06:42:00,49
2022-08-14 06:43:00,52
2022-08-14 06:44:00,55
2022-08-14 06:45:00,51
2022-08-14 06:46:00,50
2022-08-14 06:47:00,54
2022-08-14 06:48:00,54
2022-08-14 06:49:00,53
2022-08-14 06:50:00,52
2022-08-14 06:51:00,53
2022-08-14 06:52:00,51
2022-08-14 06:53:00,52
2022-08-14 06:54:00,52
2022-08-14 06:55:00,53
2022-08-14 06:56:00,51
2022-08-14 06:57:00,51
2022-08-14 06:58:00,54
2022-08-14 06:59:00,50
2022-08-14 07:00:00,59
2022-08-14 07:11:00,50
2022-08-14 07:13:00,52
2022-08-14 07:14:00,53
2022-08-14 07:15:00,55
2022-08-14 07:16:00,51
2022-08-14 07:17:00,51
2022-08-14 07:18:00,54
2022-08-14 07:19:00,56
2022-08-14 07:20:00,52
2022-08-14 07:21:00,52
2022-08-14 07:51:00,51
2022-08-14 07:52:00,52
2022-08-14 07:53:00,55
2022-08-14 07:54:00,57
2022-08-14 07:55:00,53
2022-08-14 07:56:00,54
2022-08-14 07:57:00,52
2022-08-14 07:58:00,52
2022-08-14 07:59:00,52
2022-08-14 08:00:00,52
2022-08-14 08:01:00,57
2022-08-14 08:02:00,53
2022-08-14 08:03:00,52
2022-08-14 08:04:00,50
2022-08-14 08:05:00,52
2022-08-14 08:06:00,51
2022-08-14 08:07:00,51
2022-08-14 08:08:00,52
2022-08-14 08:09:00,53
2022-08-14 08:10:00,53
2022-08-14 08:32:00,51
2022-08-14 08:33:00,53
2022-08-14 08:34:00,54
2022-08-14 08:35:00,54
2022-08-14 08:36:00,58
2022-08-14 08:37:00,53
2022-08-14 08:38:00,51
2022-08-14 08:39:00,51
2022-08-14 08:40:00,53
2022-08-14 08:41:00,53
2022-08-14 10:22:00,55
2022-08-14 10:23:00,55
2022-08-14 10:24:00,56
2022-08-14 10:25:00,55
2022-08-14 10:26:00,59
2022-08-14 10:27:00,57
2022-08-14 10:28:00,70
2022-08-14 10:29:00,60
2022-08-14 10:30:00,57
2022-08-14 10:31:00,54
2022-08-14 10:42:00,58
2022-08-14 10:43:00,71
2022-08-14 10:44:00,59
2022-08-14 10:45:00,54
2022-08-14 10:46:00,54
2022-08-14 10:47:00,56
2022-08-14 10:48:00,55
2022-08-14 10:50:00,55
2022-08-14 10:51:00,56
2022-08-14 11:32:00,56
2022-08-14 11:33:00,55
2022-08-14 11:34:00,57
2022-08-14 11:35:00,59
2022-08-14 11:36:00,59
2022-08-14 11:37:00,57
2022-08-14 11:38:00,55
2022-08-14 11:39:00,56
2022-08-14 11:40:00,57
2022-08-14 11:41:00,56
2022-08-14 11:42:00,61
2022-08-14 11:43:00,56
2022-08-14 11:44:00,55
2022-08-14 11:45:00,55
2022-08-14 11:46:00,53
2022-08-14 11:47:00,57
2022-08-14 11:49:00,59
2022-08-14 11:50:00,58
2022-08-14 11:51:00,63
2022-08-14 11:52:00,55
2022-08-14 11:53:00,54
2022-08-14 11:54:00,56
2022-08-14 11:55:00,58
2022-08-14 11:56:00,61
2022-08-14 11:57:00,57
2022-08-14 11:58:00,58
2022-08-14 11:59:00,56
2022-08-14 12:00:00,54
2022-08-14 12:01:00,57
2022-08-14 12:02:00,60
2022-08-14 12:03:00,62
2022-08-14 12:04:00,56
2022-08-14 12:05:00,55
2022-08-14 12:06:00,56
2022-08-14 12:07:00,57
2022-08-14 12:08:00,57
2022-08-14 12:09:00,61
2022-08-14 12:10:00,57
2022-08-14 12:11:00,58
2022-08-14 16:22:00,61
2022-08-14 16:23:00,59
2022-08-14 16:24:00,57
2022-08-14 16:25:00,56
2022-08-14 16:26:00,60
2022-08-14 16:27:00,57
2022-08-14 16:28:00,58
2022-08-14 16:29:00,60
2022-08-14 16:30:00,59
2022-08-14 16:31:00,57
2022-08-14 16:32:00,64
2022-08-14 16:33:00,59
2022-08-14 16:34:00,57
2022-08-14 16:35:00,59
2022-08-14 16:36:00,60
2022-08-14 16:37:00,58
2022-08-14 16:38:00,57
2022-08-14 16:39:00,58
2022-08-14 16:40:00,58
2022-08-14 16:41:00,56
2022-08-14 17:42:00,62
2022-08-14 17:43:00,60
2022-08-14 17:44:00,57
2022-08-14 17:45:00,55
2022-08-14 17:46:00,54
2022-08-14 17:47:00,56
2022-08-14 17:48:00,61
2022-08-14 17:49:00,57
2022-08-14 17:50:00,59
2022-08-14 17:51:00,58
2022-08-14 18:12:00,58
2022-08-14 18:13:00,57
2022-08-14 18:14:00,57
2022-08-14 18:15:00,57
2022-08-14 18:16:00,59
2022-08-14 18:17:00,58
2022-08-14 18:18:00,55
2022-08-14 18:19:00,59
2022-08-14 18:20:00,59
2022-08-14 18:21:00,59
2022-08-14 18:52:00,56
2022-08-14 18:54:00,58
2022-08-14 18:55:00,61
2022-08-14 18:56:00,60
2022-08-14 18:57:00,58
2022-08-14 18:58:00,58
2022-08-14 18:59:00,57
2022-08-14 19:00:00,57
2022-08-14 19:01:00,58
2022-08-14 20:22:00,57
2022-08-14 20:23:00,59
2022-08-14 20:24:00,54
2022-08-14 20:25:00,55
2022-08-14 20:26:00,54
2022-08-14 20:27:00,55
2022-08-14 20:28:00,54
2022-08-14 20:29:00,56
2022-08-14 20:30:00,59
2022-08-14 20:31:00,55
2022-08-14 20:42:00,61
2022-08-14 20:43:00,57
2022-08-14 20:44:00,57
2022-08-14 20:45:00,65
2022-08-14 20:46:00,55
2022-08-14 20:47:00,57
2022-08-14 20:48:00,56
2022-08-14 20:49:00,57
2022-08-14 20:50:00,56
2022-08-14 20:51:00,53
2022-08-14 21:02:00,56
2022-08-14 21:03:00,57
2022-08-14 21:04:00,58
2022-08-14 21:05:00,56
2022-08-14 21:06:00,56
2022-08-14 21:07:00,54
2022-08-14 21:08:00,58
2022-08-14 21:09:00,57
2022-08-14 21:10:00,54
2022-08-14 21:11:00,56
2022-08-14 21:42:00,57
2022-08-14 21:43:00,54
2022-08-14 21:44:00,56
2022-08-14 21:45:00,55
2022-08-14 21:46:00,55
2022-08-14 21:47:00,55
2022-08-14 21:48:00,55
2022-08-14 21:49:00,53
2022-08-14 21:50:00,53
2022-08-14 21:51:00,57
2022-08-14 22:22:00,56
2022-08-14 22:23:00,53
2022-08-14 22:24:00,54
2022-08-14 22:25:00,59
2022-08-14 22:26:00,62
2022-08-14 22:27:00,55
2022-08-14 22:28:00,57
2022-08-14 22:29:00,52
2022-08-14 22:30:00,56
2022-08-14 22:31:00,55
2022-08-14 22:32:00,60
2022-08-14 22:33:00,59
2022-08-14 22:34:00,54
2022-08-14 22:35:00,55
2022-08-14 22:36:00,58
2022-08-14 22:37:00,54
2022-08-14 22:38:00,53
2022-08-14 22:39:00,57
2022-08-14 22:40:00,59
2022-08-14 22:41:00,56
2022-08-14 22:42:00,53
2022-08-14 22:43:00,52
2022-08-14 22:44:00,54
2022-08-14 22:45:00,55
2022-08-14 22:46:00,57
2022-08-14 22:47:00,59
2022-08-14 22:48:00,55
2022-08-14 22:49:00,53
2022-08-14 22:50:00,53
2022-08-14 22:52:00,60
2022-08-14 23:02:00,54
2022-08-14 23:03:00,54
2022-08-14 23:04:00,53
2022-08-14 23:05:00,55
2022-08-14 23:06:00,58
2022-08-14 23:07:00,59
2022-08-14 23:08:00,54
2022-08-14 23:09:00,52
2022-08-14 23:10:00,51
2022-08-14 23:11:00,53
2022-08-14 23:12:00,54
2022-08-14 23:13:00,56
2022-08-14 23:14:00,56
2022-08-14 23:15:00,54
2022-08-14 23:16:00,55
2022-08-14 23:17:00,55
2022-08-14 23:18:00,55
2022-08-14 23:19:00,53
2022-08-14 23:20:00,51
2022-08-14 23:21:00,54
2022-08-14 23:32:00,56
2022-08-14 23:33:00,51
2022-08-14 23:34:00,52
2022-08-14 23:35:00,53
2022-08-14 23:36:00,55
2022-08-14 23:37:00,52
2022-08-14 23:38:00,53
2022-08-14 23:39:00,54
2022-08-14 23:40:00,49
2022-08-14 23:41:00,54
2022-08-14 23:42:00,54
2022-08-14 23:43:00,52
2022-08-14 23:44:00,52
2022-08-14 23:45:00,51
2022-08-14 23:46:00,51
2022-08-14 23:47:00,52
2022-08-14 23:48:00,55
2022-08-14 23:49:00,54
2022-08-14 23:51:00,51
2022-08-14 23:52:00,54

